,0,1,2,3,4,5,6,7,8,9,10
3,3.534087474709154e-05,1.262256285103053e-45,4.949283113214361e-05,0.9999141846489251,1.2469505653463098e-07,8.84626007795812e-41,2.6372021373852746e-07,1.0092240372192623e-20,2.824222623278753e-32,1.2205202810695615e-18,5.932299251247451e-07
5,1.1435936130218814e-23,2.3399729753596523e-23,4.154295511181185e-60,1.263662011245159e-09,1.3189720277040328e-10,2.860431392851248e-47,0.9999984119330596,1.5866710459744058e-06,1.8925597112150903e-50,3.335817320022137e-13,2.0904758942184625e-44
6,0.014070945782681508,4.1773780109541654e-32,0.0018299523310363077,0.31746434780016475,0.6661134644846748,6.952722063297193e-36,0.0005212863989761269,4.906551908750168e-12,1.132977159601223e-31,3.1938153262416277e-09,3.7439048906555654e-12
8,0.9811623559442195,7.214027078974507e-16,4.27363740403844e-23,4.345136655617592e-13,0.00012403491070040438,1.1902628172982525e-19,3.903880372492078e-06,6.022371469768144e-06,7.916437313424254e-27,0.018703682892797446,4.9348529098732336e-29
9,8.713036864501018e-06,1.0916626685956656e-20,6.427865191438568e-07,2.5588479207125745e-16,0.9988513857774249,1.396476937597652e-07,2.0289425111311824e-11,9.94454850884545e-10,2.2202395294036397e-15,0.0011391177367484789,6.681061304290486e-40
10,3.8698933356437875e-15,9.093081598577032e-25,6.294675603872108e-19,0.00022492228114707764,0.996848317140664,4.1057456893278404e-18,0.0029228865432613976,4.6505942046211935e-08,1.3965419077703935e-18,3.827528981173046e-06,3.5874643736272254e-30
11,0.0004454765312753648,3.0942439827013787e-21,5.467426431240169e-05,2.2513420356038907e-13,0.9982983725789342,8.259325851400644e-23,6.451494495499512e-10,6.545748059057676e-10,1.8945974945295013e-28,0.001201475325535444,7.014593589134435e-39
12,0.5686160211760517,4.705357888605126e-22,1.3944172499852954e-07,1.9713258492387504e-06,0.43011796854792206,5.0188210858300675e-34,0.001177059360410415,1.5055504365978095e-07,1.3000119386452933e-34,8.668959299510202e-05,9.062315864230498e-22
13,1.665848397863325e-19,3.0275157495895987e-32,8.82523710546634e-22,0.031768486892913804,1.7628168499984965e-06,3.1299192400840735e-18,0.9682297500351833,2.44851595019505e-10,6.734736883024895e-16,2.870148489343869e-14,1.017314013784383e-11
14,0.0002749597206613683,6.004489682648498e-20,1.351829082459846e-05,3.1397368993337585e-09,0.9643058211901828,0.03398188544025657,0.0007185866145779017,7.441739474250959e-06,7.743043056599726e-07,0.0006970095599823056,1.8826118075761648e-19
15,4.5091921872282e-06,3.4018988518270848e-49,0.001267144904800066,2.266341899437255e-16,9.129662206105066e-09,1.2683450767626794e-09,1.8233414913950442e-23,5.349382580277774e-23,0.9608709014180963,5.0173175441636086e-20,0.03785743408690963
16,0.9190691084326609,1.3970645546666638e-23,9.187498271957553e-19,1.2465017200138925e-05,0.060932003266529464,8.608282163718782e-33,0.0199781954245048,5.033668207661472e-07,9.744117685222258e-35,7.72449227983788e-06,7.376243980646443e-20
18,1.109798393584701e-23,2.165880136593631e-06,2.6517979084786607e-32,6.751037308014596e-24,8.960725681868777e-05,2.5463785705486035e-20,3.888328250301753e-07,0.7759545706584626,7.506574754994437e-35,0.2239532673717636,7.86853891511566e-71
19,3.1852439821627e-10,2.688970053662064e-08,2.3186985152139535e-18,1.1560949311749527e-17,0.049627320838397715,7.633174289130842e-33,0.00046224195665199466,0.7806550860026306,2.7259754940260205e-43,0.16925532399409624,9.088763032108439e-43
20,1.3817333460276043e-41,5.796585564342081e-10,4.457155348040475e-65,3.769393024870844e-21,2.9437913088477714e-09,1.1270456156249917e-31,0.0026911516767424357,0.9973087587357693,4.515122443271126e-44,8.606404306076487e-08,9.350158551554838e-59
22,6.13118857084982e-20,8.34054570851386e-35,9.436154447838103e-16,0.13200844301863876,0.0012203984705676859,0.008197215376501005,0.4452139440995074,1.1737622540202586e-11,0.4133599990230118,3.813515602529314e-14,8.869543752564833e-22
23,0.9985355016108961,2.6019112137443125e-27,0.00019575952357976268,0.0009600970227760261,0.00024679229797581987,7.796204278760623e-20,6.067284622163946e-05,9.604661970060925e-12,2.0364071329541362e-20,1.1766888211288148e-06,1.299384223899183e-13
24,1.3492995396288335e-19,8.941260377937261e-26,7.264055444808096e-24,3.10185362533409e-06,2.911808032990096e-05,7.307476556881706e-17,0.999967456949631,3.226895505679689e-07,1.7177559695975427e-17,4.2686549538896895e-10,3.2914642509170046e-46
25,0.33746617881117746,1.009115468328107e-17,2.9527445892392386e-05,3.915926267007841e-12,0.2112284614701658,4.940405869377076e-36,5.068900686369642e-07,5.502166185797435e-07,6.944752961286537e-41,0.451274775162164,9.763962683365196e-26
26,0.9610556125978633,1.390600992282952e-29,0.004378705005589664,0.0008752467441038853,0.03368187463925096,3.640252368604333e-36,8.47287316252066e-06,9.996029518559524e-12,7.739914449171311e-35,8.8130012275206e-08,2.345142623918634e-14
27,0.9561728500258492,4.197661215242864e-27,2.4683869214405336e-21,0.002830715257739258,0.0002620231659457356,8.63365532142477e-33,0.04073439404168459,2.226270252197059e-09,1.0047293124091718e-31,1.5282509441309073e-08,1.9577891570876636e-18
28,0.3967037083295304,8.093075382944956e-32,3.477703474480261e-18,0.08339457619153465,0.018849927061338163,0.00023808818027517696,0.001172894646699176,2.7691447641702794e-11,0.4996408047293569,7.659081934228935e-10,6.76662380177415e-11
29,7.051703158889774e-11,1.658150748466469e-06,1.6286815469748038e-21,1.410644545358491e-24,3.312629146180979e-07,1.1358451911336438e-33,7.186256527203398e-07,0.9527613352006153,1.4070859061327422e-48,0.0472359566895511,1.477674566321684e-50
30,2.24176997794491e-19,9.787286504402197e-25,7.093212087194039e-22,1.0890880035391133e-05,0.001953951849432465,8.076275694905469e-18,0.9980347735142667,3.833382035131021e-07,1.2636322871729691e-20,4.180638056324533e-10,3.3263725092700595e-32
31,2.9139431781273023e-12,1.1797528227369187e-06,1.9182925594694316e-38,5.146133285709762e-23,5.599362356173593e-07,5.601525665326385e-19,6.93838514776916e-07,0.9879992555960844,5.435683468719892e-34,0.011998310873430094,2.4520898204724683e-62
32,2.27515256861421e-44,3.0547148391069076e-19,2.612452466051271e-78,1.0105176264015296e-30,3.397867643270481e-12,0.9991462301255459,2.3281611362791294e-16,0.0008537694402828452,4.307723887587832e-10,5.639662758513019e-15,4.163163650351405e-64
33,0.9980433356679949,1.1445710236164582e-18,5.7392176696436804e-11,1.8100778328287432e-11,6.3192802600834715e-06,4.127433497895263e-50,8.04436759110905e-07,6.424479005811768e-08,1.233497249456694e-55,0.001949476294708694,8.516291476268281e-32
36,6.064556040697673e-24,3.833723168155518e-24,5.130515584181413e-45,6.907373261078806e-24,2.1888535194305883e-08,0.9999229817152574,2.9486642788937256e-15,3.601513843821072e-06,7.33948813399518e-05,1.0245154084696626e-12,1.7943159093092736e-38
37,0.009145971761035885,5.143205274520588e-13,7.948064892078514e-15,9.310588331257835e-12,0.0012925002253765712,4.9269317584913303e-32,0.09159885301683394,0.8640293353731395,1.2636211978694965e-41,0.03393333961377971,3.9866259664831363e-36
38,1.044189837747396e-44,1.1106905749609334e-07,2.860790853964666e-53,5.968533743920207e-24,2.507179795946023e-09,4.813949544069886e-34,3.2812262315752775e-05,0.9999669891771782,2.718711970078719e-49,8.498427412605571e-08,5.121505608092131e-65
39,0.04751632715906869,8.610910106558891e-17,4.1560770323275254e-10,5.294760704585992e-29,0.005816293201602434,0.011862739386281015,2.5739768587428658e-21,3.3870573451236115e-07,4.6348248800247743e-10,0.9348043006682218,7.458128377343253e-30
41,4.108816328007036e-07,1.2644537518571138e-50,0.6681533099182833,1.807367662141465e-17,5.7778213443982935e-08,2.729617572397605e-10,2.2196966842685395e-25,2.010028947662736e-24,0.09134032300384343,1.3223281514301071e-20,0.24050589814506862
43,1.49557747850282e-22,2.4778049769485626e-20,3.129749202202419e-27,9.419727439719401e-27,2.429527664941647e-08,0.9999974929224628,3.2203782203585384e-18,2.002754041439317e-06,4.780696413595746e-07,1.9585776577311404e-09,6.998492084023435e-37
45,1.9532609074557244e-05,8.543493466322559e-27,0.038464596492194435,5.5298199409042635e-27,0.9614690740908093,3.385091106630257e-05,9.090578794895383e-26,3.097875224664839e-13,1.1429764451099353e-08,1.2934466787478904e-05,9.906649826874681e-30
46,9.197537754576997e-26,2.1995201879223888e-07,1.100029608887358e-29,5.165513031811206e-28,0.0003383373907909036,1.3571726457117393e-22,1.0698160609016428e-12,0.0005446606454711679,5.953057619672552e-40,0.9991167820106448,2.87846237394033e-63
47,1.2539655967809484e-06,1.2900300344507888e-24,1.3613439434882276e-05,1.450974357218638e-14,0.9999114466620307,5.7327880343822955e-25,5.046254869058857e-12,2.0466320512268192e-12,7.875781490915553e-28,7.368592582478115e-05,1.438388264213342e-26
48,0.9968403428883282,4.463525005298678e-26,1.7499192127907506e-07,0.0007618097596955464,0.0007022289296623337,7.945799120767508e-19,0.0016948875769997413,1.9860391991728418e-09,6.345190038546811e-17,5.538673507131196e-07,8.177767492188689e-15
49,3.431160261479966e-41,1.381376943564278e-23,4.920162257940436e-49,1.13746475157487e-10,3.022442561623683e-12,6.868318125035329e-18,0.9999949033016117,5.096581621371299e-06,2.3542075347870284e-22,1.4070217830496655e-15,1.212139231628622e-44
50,0.05227289129959293,4.5451150550808553e-35,0.9473689059571965,2.7823045700396885e-05,0.00033034293975837275,8.672482269900695e-53,3.654191827377734e-08,2.5180806999160647e-16,6.70624403219096e-50,2.158080306948366e-10,2.446378866527334e-14
51,9.018983322533485e-30,0.02746834104727357,5.883145692235241e-41,5.733539981023543e-35,5.4261049349464e-09,4.423730084966124e-56,2.631928017427208e-16,0.00011894079274669077,1.4528609833020394e-76,0.9724127127338718,1.110588322106834e-65
52,1.1575494944044992e-13,1.1380149591704706e-06,2.815037392192418e-25,5.4444526042797245e-31,1.5415494568880765e-07,1.644287150478228e-56,1.551606845964309e-16,1.3753095846711476e-06,5.263767580031923e-73,0.9999973325203989,1.5749259967435467e-72
53,4.388546592568772e-07,1.8663649058553362e-11,8.886316666431972e-17,2.6331863935952133e-21,0.00038772834535481397,1.1229232202133696e-36,6.122407584691602e-10,4.159971319336246e-06,8.096535254751427e-49,0.9996076721977586,2.389300771382927e-43
55,3.305472537113769e-50,0.7873926106396008,3.614145538214446e-79,1.469167888788309e-35,2.2498749510030854e-16,2.5127529731363324e-53,7.020203272700234e-12,0.2126072631051931,1.6829779012255478e-74,1.2624818495184537e-07,1.1581220859351893e-84
56,1.0989014413653323e-06,5.767828931765284e-48,0.9693897715722982,2.324617287816265e-19,2.822435636325102e-08,3.311282443167857e-11,1.9084839174560408e-26,1.8726604918232173e-24,0.0012930719298440822,4.1404003476398705e-18,0.02931602933894634
57,0.9998899202720261,5.867520412559657e-27,1.650579304608306e-06,3.516452796991359e-05,4.65875773521577e-05,3.935370427502383e-06,2.1409740716152037e-05,3.796337265865367e-10,1.1889042650452395e-06,1.426482940550277e-07,1.1119270175877911e-14
59,0.5135420037505665,2.219908214919525e-32,1.2405501774484793e-18,0.4709890779243878,0.00021453243278699,6.662698172145935e-19,0.015254385792283037,7.43592638568697e-12,8.197592955551393e-15,4.633511466288483e-11,4.619434738142734e-11
60,7.82400087768453e-09,3.8462093877411865e-55,0.20444538852418084,1.518171473278551e-18,3.0572014376802075e-10,3.98245756099743e-13,3.095500108391882e-28,2.0202288265219e-28,0.002185552319179895,1.337335385359509e-23,0.7933690510265193
61,1.2270366835324784e-05,4.496708007217225e-19,2.2183470932606158e-07,9.191266382910236e-17,0.9710981005810883,1.0819969365346288e-09,2.7815647511751664e-12,1.8752353257291775e-09,6.264764988801863e-18,0.028889404257348563,4.87328607058039e-31
63,0.013950000626194796,2.4294041869993315e-20,4.185327061489923e-06,1.9422937779983297e-07,0.038788315055907324,3.275828016094278e-16,0.9470530823985536,0.00017400995469458931,3.357359492024729e-20,3.021240820899946e-05,2.276393974349357e-33
64,1.3382013667712909e-06,6.428756285805037e-49,0.9929319768298787,4.131374085781954e-17,3.544612889135378e-08,3.812667569943337e-11,5.766993658530915e-26,3.895459865077491e-24,0.00226269022336351,1.678819205793482e-19,0.004803959261131974
65,4.481850458032975e-07,5.722540331200422e-14,5.634266645500381e-26,3.046349446587553e-11,0.23414491106554036,5.006957565652134e-45,0.49718065118636834,0.2683834132587148,2.254929617518678e-52,0.00029057627381558367,2.6711343385143196e-46
66,4.183861023345644e-22,3.1559602943175105e-19,4.22948192302463e-42,1.1075232595886058e-08,1.2409962135935667e-07,1.0089349907298302e-16,0.9997886193122196,0.00021124455019581355,1.8974420956618943e-22,9.627292125042503e-10,1.6299205372634125e-40
67,1.9737758253067845e-07,2.0626936855888767e-53,0.8403119949124164,6.130584725394442e-19,4.948925333915751e-09,2.6943733195757545e-12,6.010713630468609e-27,1.9344065397154174e-26,0.002876685280910447,9.88725471902515e-22,0.156811117477468
68,1.1386801031041077e-23,2.5411146561683642e-06,3.890163922598586e-34,6.481064104175893e-27,7.183983257842473e-07,1.2932247517598208e-05,1.2255320637694756e-10,0.002925442755859142,4.4604948796271604e-21,0.9970583653610857,2.8622362315503053e-60
69,9.06547401573233e-13,0.002528857854739218,1.2248067114424493e-32,2.584187071041871e-31,1.5945090177939057e-12,2.89048836626176e-27,1.2264191655907403e-14,0.00021197421248929355,4.415152017945256e-45,0.9972591679302516,2.2107277598082286e-77
70,7.947295422383354e-35,0.9940614956749404,5.6182142500232144e-61,7.319371154800758e-43,1.3114408924356061e-13,2.9297557647998953e-25,1.3840542935633047e-16,0.0057744579689800605,3.402937385658501e-48,0.00016404635595141677,7.774567709064778e-84
71,0.1376885087660082,2.900720343949959e-16,3.4429673250674257e-20,1.439153668197713e-09,0.8131519919532181,2.7140860953406093e-17,0.013325288586988194,0.0040873752609688965,2.679832220451938e-23,0.03174683399366536,3.0328297559147655e-27
72,1.2211495342173336e-24,9.72659260583772e-16,1.287778239742073e-33,9.56221253563056e-30,3.6601783900029495e-08,0.9990098070200754,1.7400489780860407e-17,0.000989997678838145,1.1412002022520401e-07,4.457927892136257e-08,1.0871681098264832e-45
73,0.001600731777956294,2.3687335261798334e-27,0.030762792950984125,0.0007333988616783948,0.9614151713657558,8.677703219219055e-33,0.005487821461964041,9.968009676219069e-09,4.667207732547423e-33,7.36136292294479e-08,1.538166132179707e-14
74,9.410095138652596e-06,2.834572880266074e-47,0.9999740478700552,3.408294353061477e-19,3.549227471508377e-07,5.5740833496193676e-11,5.734322310057695e-26,3.2148327170113567e-23,1.565152407080732e-05,4.049750150726333e-18,5.355322490409183e-07
75,3.3971653950978133e-09,5.9835332510460006e-55,0.0002210800023365893,0.9997729799992001,2.0463845598879775e-12,3.340538293037205e-61,1.8939452799574208e-12,4.107563139732693e-28,3.2810574920617493e-50,1.2620202012659363e-24,5.936597359255159e-06
76,1.1169617179311543e-21,0.9992939130655212,8.607948465778947e-56,5.138156250020845e-50,1.615354951910566e-20,1.9534978917832079e-50,2.5739631548117315e-27,1.559907118719581e-09,9.521196707436788e-76,0.0007060853745732153,7.555672626033538e-86
77,0.9950913937274815,7.2686109022088084e-34,0.0002737954942139873,0.004598025540302673,1.1333491944668896e-05,2.5232260197568747e-51,2.5451700969530953e-05,5.753686692340489e-14,3.411412654382488e-48,4.5016922259253814e-11,1.0849470838377135e-14
78,6.916798967687938e-35,0.005341292837795978,4.0001569005223846e-63,3.7911470886834774e-33,4.724805665379337e-15,2.4088027567403596e-52,2.891459368655286e-10,0.9946585895072424,1.0490754583611691e-71,1.1736580807191175e-07,7.726212802919672e-93
80,0.0029463116538041524,3.75743509654524e-42,0.9595784976661672,1.7376290030627343e-16,3.0155350806346596e-05,1.2623456433140002e-07,2.7446074120582256e-22,3.3480477649642695e-19,0.03293125738487138,5.254868168129027e-14,0.0045136517097359745
81,3.2043863090197755e-48,3.7343008348579374e-07,6.469818466560746e-74,4.12340501211552e-46,4.4850352932922195e-15,0.04982756956722948,1.1339948104332413e-21,0.9501720568975157,2.1077925455010879e-19,1.0517238593724075e-10,2.1259464687033213e-81
82,1.2031943817934044e-05,2.9870460567812106e-29,1.2794117713476419e-09,2.3670899247702167e-21,1.4981154941808252e-05,0.1634707629093611,4.702867269993713e-17,4.7978787872264e-10,0.8365022222006262,3.205542923159429e-11,4.1099465839493064e-27
83,1.7246161025581758e-44,3.0617593906624434e-11,8.09606248039834e-66,1.068406517948385e-18,1.2600064175617097e-08,2.555047979601808e-32,0.03918499744307236,0.9608149893667179,9.43651460425308e-44,5.59524871945385e-10,4.088537980940134e-83
85,0.3071657674917555,2.39061590942303e-29,0.14669525528891428,2.7500157762198785e-20,0.5115474410268351,0.001049304525870215,4.92296453378825e-20,9.339798996449809e-12,0.033541672778829947,5.588716188799793e-07,6.8334910699817945e-12
86,0.9994033200553651,5.611359202206122e-28,0.0005750700333739073,1.5919933955908165e-10,2.1269547665420195e-05,2.3607515283848625e-08,8.083085235489171e-09,1.5841810738221413e-12,6.400950222765214e-11,3.084481957841099e-07,2.4145120363364074e-20
87,1.6912476559828103e-57,0.9999999143608741,2.6978347996244634e-91,6.665091990387816e-54,3.241053001150715e-26,4.466325267142327e-50,1.1468643319437368e-24,8.531911524172492e-08,2.0935759503807558e-77,3.200037665832073e-10,3.6893002504908425e-118
88,1.0105615822423678e-06,1.6568019474356138e-15,1.9884984124349293e-26,4.778310682885227e-11,0.06124799623608914,2.4255373074184922e-30,0.8942967089447854,0.04443610517372151,1.6955413178641388e-36,1.8179036035379257e-05,7.153351198859894e-29
89,0.9916755262072908,1.0924769526102644e-28,1.7364877864355939e-06,0.0006138094562791657,0.00634592797212479,1.0025392054374252e-35,0.001362981842827215,1.027333538388326e-10,1.9319624037048177e-33,1.793095520050002e-08,1.455062945169686e-17
90,4.6782942764407224e-39,2.0299262317392095e-18,1.2972942876019525e-58,4.812822680440702e-12,2.586513340091501e-10,1.4286664860055538e-31,0.9997906591888353,0.00020934053517478442,1.7091480582379542e-37,1.2524218795049742e-11,7.169620859850029e-44
91,2.3509017353493674e-51,0.05912065353536657,2.7906056473390034e-78,7.918566770694423e-39,6.436036781775223e-16,1.4195811405551826e-37,5.661202087523328e-12,0.9408793255065765,4.4634213871524454e-61,2.095239436383447e-08,6.326864366903237e-98
92,0.931286656976922,3.3054991409000612e-31,0.05469811512722714,2.343083373847264e-18,0.006173063529281768,0.0001566583751170327,1.808137194227165e-20,2.010259651142639e-12,0.0076854858085273255,1.9904141536047272e-08,2.767733866253361e-10
93,3.428151830835178e-41,0.999999602284853,1.1642142692454511e-72,2.282623368627861e-66,2.469917431774711e-22,2.6466308360391063e-17,3.534898655789824e-39,2.816271515880282e-07,3.2497118240611035e-44,1.1608799240024392e-07,1.201020573784274e-97
94,0.011450888969645565,1.3954792881639633e-35,0.9856284830528966,0.00022211645502874256,0.0026977207388569923,3.3167564136527227e-52,7.907541189477166e-07,2.3664909502372296e-15,1.492316783617451e-48,2.944818768171819e-11,2.1427050677514382e-26
95,2.9172994257866518e-59,0.9984025822027864,1.6407314820160987e-91,5.287501330941583e-48,4.834072859322725e-21,4.321260054124753e-59,8.39478553505925e-18,0.0015974177843104684,1.780691589414018e-86,1.2906646628120181e-11,4.171908176224969e-104
96,3.3509354743627446e-53,0.9348256522300181,8.475245790193795e-67,2.8979441787926765e-40,2.0450300212518043e-15,7.945301261839166e-40,3.7576656259002844e-14,0.0651742203955507,7.829926630901178e-63,1.273743974372971e-07,5.553730005357367e-101
97,5.270444890268028e-05,8.252352336480985e-34,0.9424318599514865,6.015633911287135e-08,0.05751522857932918,4.021340816859588e-09,1.0200508914566892e-10,2.9049264733928633e-16,1.4183997320165378e-07,8.993608418608898e-10,1.2593576327483002e-12
98,1.1234128939426303e-46,2.703104602255776e-06,7.027326867598024e-73,6.6848657675135e-30,5.25366583483064e-12,5.439037475752582e-35,6.108280969150588e-08,0.9999972293647814,1.8898384376720368e-52,6.442557215449824e-09,2.459389230692697e-74
99,0.011312708578271356,1.3592274913919194e-17,3.258332291015876e-07,1.251909986521306e-10,0.9737864273734796,4.9518020487437314e-17,0.007655496486409111,0.0003789861829459607,8.738843013877184e-24,0.006866055420472277,3.52367640313004e-25
100,4.298914572029813e-22,1.0897268845482685e-15,8.80805285070099e-46,1.5858887635974335e-31,3.973679803674425e-12,0.9990845736401458,3.965236175203184e-18,0.0009154156261933071,6.2410558457996816e-12,1.0723449508693535e-08,1.8890432261434287e-47
101,3.64021359179715e-45,6.0541830479169754e-06,5.26682812181899e-60,4.789106560126108e-28,1.5755682556703253e-13,2.3047262595222552e-35,2.939065642905202e-07,0.9999936177384424,4.8423627945137417e-51,3.4171789385325775e-08,2.3299789847658803e-73
102,9.373285123645568e-46,4.928152123746856e-05,3.0726083392304026e-73,6.060959113952941e-28,2.4656533217326603e-14,6.382597238459437e-34,5.724254775246906e-07,0.9999501227209974,1.1540065661117098e-50,2.333226788244016e-08,6.508930470255441e-71
103,2.7601342246389985e-28,1.3009211175007504e-11,1.2207746396413996e-48,2.7228399302421784e-36,4.258120941320223e-09,0.9924333774749132,1.5992560233693417e-19,0.0075664685286394185,3.7415662272079093e-13,1.497249436448647e-07,2.886874224280452e-52
104,2.4332160039506754e-52,0.9999999999638902,3.689825978493012e-83,2.105050207577014e-62,1.9091309020914595e-26,8.79784287220531e-69,4.291152828097314e-32,2.089460157315394e-11,6.760828613688365e-99,1.5213813422959583e-11,6.761301619115806e-127
107,8.2600513544745e-07,1.8954575450607512e-23,2.1366008275378494e-13,5.026660602276618e-08,8.441559001604628e-05,1.1478284821871571e-32,0.9999122067516859,2.500038111316688e-06,1.4256840304829182e-35,1.348236439390436e-09,1.681564091884011e-24
108,0.8414373450142018,2.604361162602011e-29,0.05529322905051574,1.572665886016527e-05,0.10324428593071301,3.2264391518244675e-20,9.185912811932062e-06,6.385131936380307e-12,5.474798420229343e-19,2.2742644825746943e-07,5.909050192954688e-14
109,0.0011041413003235203,1.592869852301135e-33,0.9970279594763363,1.0305535266295185e-08,0.0018678882623952705,2.84406783658299e-24,1.485336901480289e-10,2.349166711606941e-16,1.7776200762570347e-22,5.067244211790439e-10,1.4790880252150577e-13
110,2.1849036288100166e-25,4.860523736848808e-16,7.940530388935173e-30,3.9575682548925815e-32,5.556815569077958e-06,0.9994050057331846,6.289684176389486e-19,0.0005893467510959037,5.856244667245854e-11,9.06415842902708e-08,1.480893121730867e-33
111,9.254148284613541e-10,5.834998988058915e-11,9.587258782678959e-18,2.1989703545394937e-24,0.00024908486977536165,3.8677146641802746e-24,7.018778232902944e-14,3.4526682255764703e-07,2.179686829854e-35,0.999750568879561,9.141410548129009e-45
112,0.010198017146144621,5.336716878086361e-39,0.9402473998755772,3.83830921278032e-18,0.001991658040504468,3.259428730263001e-06,1.1369096893379356e-21,1.2018580403195637e-16,0.04755772467863591,1.7805311189626383e-12,1.940828626125481e-06
113,0.8255896719526167,6.318082147563256e-38,0.0010537398409748535,0.17306816638840658,1.9214585810068432e-05,2.676480796846783e-21,0.00026901242517391935,2.0018945477623793e-15,8.460431767026681e-15,3.1997927926999866e-13,1.9480669093252863e-07
114,3.043410192296146e-51,0.0013129138236807499,6.113495385604728e-94,1.998978396464255e-34,1.8506624766223115e-17,1.799861130858759e-23,6.465640492382753e-11,0.998687085646773,1.4070264701383378e-43,4.648875621903085e-10,5.288666735614863e-82
115,0.020806252555360196,1.1306700537538095e-15,2.549263771580088e-10,8.765736750209736e-28,0.12097700974679952,0.01916584562142412,1.618329448149868e-20,1.9172070459845605e-05,1.8602310493527471e-09,0.8390317178907944,2.2728779643683912e-29
116,0.9962448311163176,3.2376456880750615e-26,4.275240563654972e-07,9.100732867383119e-06,0.0027537887514082217,1.991364668022507e-19,0.0009913706109088618,1.2607622908566536e-09,1.145802865207704e-18,4.800036823874175e-07,8.267186746312495e-17
117,1.764843320816241e-05,8.215585588531391e-12,1.2574217836082518e-10,1.8648099574331653e-12,0.3598781650342397,4.842630359338335e-32,0.0005902750913705189,0.022307094197374623,2.7562376440988946e-40,0.6172068171079885,9.150346512325941e-32
118,6.954487314452091e-31,0.003297682879411153,4.387087886432442e-59,7.433469822495999e-32,9.960436811211836e-13,1.5926072676276774e-22,2.6827809406134524e-10,0.9965773765537944,8.714424292145408e-43,0.00012494029752331372,1.8396601942715524e-75
119,2.0106015484449184e-31,2.8359625973736117e-11,2.935808244476944e-52,9.240155956650181e-36,1.5612622308490234e-08,0.9421499762303159,8.399195822526959e-20,0.05784992803357883,2.523860219371112e-13,8.009487758509418e-08,7.430808122235795e-54
120,0.13940807356080634,2.2972528666264155e-31,0.8591043755319367,1.46840171090305e-08,0.001487503123407395,2.6905042020552345e-22,2.3446408447009238e-08,5.6054176024161e-14,7.194052235277736e-23,9.653339856140607e-09,2.124106623943072e-14
122,6.949603936591634e-54,0.9957235446579191,1.7759538056234632e-67,4.935398582034882e-43,3.649603593081279e-16,5.554823546892188e-26,2.841082580456772e-16,0.0042764009938961525,1.0300201634770206e-48,5.4348190215170766e-08,1.941017602579512e-99
123,0.0004998156693394737,8.818669940904551e-25,0.0051645294714998844,7.449656826538423e-30,0.9942335524817997,2.255230071403667e-05,1.7600028071208112e-25,3.1671168057697464e-12,2.8108196688388466e-10,7.954979239396795e-05,1.2193690250832404e-21
124,1.3881821507561522e-62,1.0,1.2467964542606496e-87,1.7523397884978177e-83,2.9541020582660805e-40,1.771809587418138e-81,6.7795299143588164e-46,1.824451171988308e-18,5.261346872857617e-119,6.304007265126102e-17,1.7262831234790614e-156
125,5.330187513084012e-38,6.903770416874885e-33,1.3185906062220483e-39,0.004065504158024991,1.0843939652778451e-08,8.608162949380654e-49,0.9959344847707554,2.272826640010635e-10,4.1776964637090358e-47,5.915459116175992e-18,2.26508047830936e-31
126,3.4294767753380296e-18,1.2934229458548007e-12,1.0234906551832689e-25,7.153487587238099e-11,0.016311828954653187,4.3245052065659405e-30,0.6858495931568221,0.28821763376528764,6.999105984871215e-37,0.009620944050410737,1.6407900917227444e-43
128,0.017379640640287967,5.249036780897468e-14,8.5895489064231e-11,9.202033715497957e-17,6.8234334905841e-05,4.041579747232913e-21,2.7042554011867623e-09,1.8717159861835347e-06,5.102606461890436e-30,0.9825502505186181,1.4625345460694406e-34
129,4.3645473679994427e-54,0.928874646504331,9.612604389787544e-68,1.9880863123654956e-40,1.4791197047144904e-15,2.916209750858706e-53,8.940223080399853e-13,0.07112534327947234,1.9242597221062368e-76,1.0215296919594098e-08,5.062761148482934e-100
130,5.4820900047216485e-05,1.849692948440973e-40,0.9807152055111249,0.018262730089677572,0.0009672319662281433,3.3981755967497834e-39,1.1532495988272326e-08,3.8170808688174223e-19,5.535693483027659e-32,4.288259984841091e-13,9.338089570380219e-20
131,1.9702521819497545e-50,0.9999999163156339,2.43476271190164e-66,1.8709211186636697e-55,2.7056432276170747e-25,1.1922832338100527e-18,1.6985793353979997e-25,8.367354781128318e-08,6.515508652721441e-47,1.0819490014455168e-11,4.3867943472091475e-128
132,0.0343210054996619,1.6768454815406326e-18,1.349053248580181e-09,2.021855990129721e-08,0.044019420016429764,2.1181059207287166e-30,0.9201508890225352,0.0013694810208092377,1.4067969737512926e-35,0.0001391828729563848,6.2063649045601e-25
133,0.7332636461330688,6.078293652948806e-30,0.25669039042848113,1.869462919597216e-05,0.010026843705876372,2.4363850706351838e-52,3.3584031949342513e-07,6.790613125401252e-13,7.2015950706517185e-53,8.926237302809976e-08,3.4666877416458995e-17
134,0.9982737406107062,4.7471864508652865e-20,1.9757567811601328e-07,9.068193892914765e-14,8.059851182279267e-06,7.053463761958111e-06,1.2925827090100599e-08,3.89086409695785e-09,3.3015788189316248e-12,0.0017109316785833203,2.283103615167923e-24
136,4.2403527462008225e-36,3.283699898468922e-22,1.4590886359358562e-40,2.1598954382726772e-09,4.742194467254814e-08,4.776124428757461e-47,0.9999957167300338,4.233684583587491e-06,1.0937765716535201e-51,3.5427379571477835e-12,1.456042241089235e-40
137,5.595785569028701e-35,0.9933306630809252,8.897715771086784e-51,2.6729203973390987e-43,1.4493067256412837e-13,3.7024329627197764e-59,3.237319375391824e-20,7.309357114925612e-06,1.2937136389355388e-82,0.006662027561810722,5.0318996775480076e-79
138,1.9813978525801414e-22,2.890145537463589e-10,7.795067683031083e-28,7.582408164801326e-33,0.026654943704179344,0.8396889982218746,6.838996294944456e-21,0.04909473749639616,8.332598530324892e-13,0.08456132028769647,1.9286164389619816e-36
139,1.4435089538526586e-09,4.36847273654462e-09,3.8267539302985114e-20,4.197038696568976e-28,2.1647419925140203e-06,7.45094103329317e-25,6.98903466616054e-15,5.866756020794971e-06,3.430549930057927e-40,0.9999919626900019,6.452468662718557e-53
140,0.9922807936620276,2.380614015235053e-34,2.7656456230676022e-08,0.006185153377814248,2.9769544234057677e-06,4.0939688097052247e-35,0.0015310483370084193,4.4415806474819647e-13,3.3536763660964754e-31,1.1827156438893869e-11,9.475119447934748e-16
141,2.522306154892241e-05,4.771780630033792e-10,5.023526045189235e-18,9.350480811899305e-20,1.1956508352828617e-06,3.502204046881582e-51,1.0901106692238523e-09,5.647485730088682e-05,5.667508906886781e-63,0.999917104863022,5.332783932266489e-46
143,2.0314465903443666e-30,4.613910285168579e-05,8.108391807379467e-36,6.892527445323472e-26,0.001461743699072847,2.509126653060164e-50,1.6510852801621708e-08,0.9798658420918885,3.0170716173000805e-65,0.018626258595339996,6.007916651592712e-77
144,0.9884280423048499,2.824162269208057e-29,8.748523987752816e-08,0.0025676001161456237,4.4129367589165945e-05,1.958305763005997e-18,0.008960131519120833,9.302494203743723e-11,3.209788809148764e-16,9.114024705653139e-09,2.5879854802599483e-15
145,0.00028022220920971775,1.084241904395317e-22,1.9544128847115805e-07,1.1032734237225845e-06,0.9982574373752043,1.9116037652229942e-33,0.0014410974876444672,5.126456369283931e-08,2.8032929346435003e-34,1.989294866090006e-05,1.358220583789227e-35
146,0.004383750081195983,1.662024326767897e-15,7.231068111617971e-10,8.784594212637633e-12,0.22048853575308247,0.5433728624348204,0.00499962613462204,0.008560502597874541,5.947156686225821e-09,0.21819471631934786,3.7431814708734874e-28
148,1.2494736697358193e-45,3.6890145800546943e-08,1.7227784086520857e-83,2.0722357032130842e-39,4.673239282874066e-13,0.0045480147412071655,2.399721260612683e-20,0.9954519350616444,1.990659566195152e-18,1.3306530689771785e-08,8.140998390981861e-63
149,3.274689373015253e-28,3.624537987776652e-18,6.518856478769437e-36,1.923894558894368e-13,8.871366849303853e-10,2.520598534867142e-32,0.9982839669841452,0.0017160321266802192,1.3078952936677095e-39,1.847075674127526e-12,6.549290146234336e-61
150,9.363703912785297e-32,0.00047998525883430994,6.00837428412757e-39,4.631731191309343e-29,7.470531884184819e-06,4.2724241674028463e-50,2.8156447876023736e-09,0.9983788737374567,8.203406270027174e-68,0.0011336676561846163,4.841437689358615e-69
151,1.9037926460648497e-08,3.2500478059160403e-21,1.2328668375699377e-07,2.3019859513911996e-17,0.9990877875356506,1.5476962817663082e-24,3.6674350309212095e-13,5.478715779822054e-12,3.5640813331790505e-32,0.0009120701338876826,1.2492322902229026e-45
152,2.2390437768838385e-05,4.148304652940906e-35,3.4808379298588088e-09,1.824182059020752e-17,3.5786218149298554e-08,0.0015682861969842216,8.086620170526189e-17,6.26889436391471e-13,0.998409284088589,1.1670094261439421e-14,8.95955940753065e-12
153,0.8950196872883076,5.483170181395172e-21,2.9068190637205443e-06,3.953144882214374e-08,0.0943193380715794,0.009468440325655468,0.0001360629394930258,1.5113487632734119e-07,1.4500520762864694e-05,0.0010388733688108127,2.1701612501231785e-18
154,0.9093139901506578,8.237607498455365e-20,0.00014280685591212835,7.640626861464843e-13,0.050621493495446875,7.849042639632282e-21,3.737830622695441e-08,3.2766564373420846e-08,1.559821944053989e-26,0.039921639352347285,3.5034781905672696e-25
156,0.08410231194362117,2.86641053856673e-33,0.07182446542000995,2.1960508068871438e-16,0.004362010071712593,6.728137137760622e-05,5.687644935371806e-20,7.955951093272827e-14,0.8396439306989274,4.942665727275887e-10,1.3529389423999864e-20
157,2.300923964977599e-09,3.299652199403932e-53,2.277480062861658e-05,1.3937901101068274e-16,1.1460593261758456e-10,5.5361565415015195e-12,7.108007698588524e-26,2.3999781290451362e-26,0.3061123132287977,1.0082116108846492e-23,0.6938649095495097
159,0.00035709220148430785,3.431884549118738e-14,5.64573246991843e-15,9.343397585694794e-11,0.0010089268349476128,3.3210805295360285e-15,0.9317350397542103,0.0613742099680764,2.1045845545543906e-21,0.005524731147797333,2.377095253765937e-28
161,5.572202739011502e-12,1.1726907798550525e-09,1.3604410487197822e-16,5.746336790533122e-34,0.27707966907233983,0.32318667750820346,3.280191399949878e-20,0.34697180738172695,4.704871030256283e-13,0.052761844858998735,4.894031782217295e-63
162,4.950019406804711e-06,3.1865902615715705e-46,0.00013413067931808618,7.173338338536294e-18,1.286742377724131e-09,2.2006969866209115e-09,7.098195773159449e-24,2.6351304827007583e-22,0.999674711036517,5.228290166413228e-19,0.00018620477731581432
163,0.0030188075803307705,3.091163661251434e-38,0.05142314992532095,1.3087071917153477e-18,2.6614189865987278e-05,5.01767152300764e-07,3.4141570831371964e-22,2.2183148264024305e-17,0.9455303661322236,1.130531344846579e-12,5.604039780954441e-07
165,0.0435095616817553,1.872210874648664e-20,9.697635465419955e-06,2.1654926626048735e-25,0.8957663873040663,0.05434390562394248,4.683951716695126e-21,1.385153534824368e-07,4.239526408359388e-06,0.006366069713003353,1.2927075686717302e-21
166,2.740372463326886e-24,2.2927193428934112e-07,1.6582619301753093e-49,1.0960911685965429e-21,1.8061370442305945e-05,5.761101742859506e-35,1.0140736841636665e-06,0.995435039224915,1.2038107872503075e-48,0.004545656059017534,3.7222318448921465e-75
167,0.14916325740171185,6.650680173573648e-39,0.0003892978889164398,0.8495208219190626,1.6310375916642268e-05,2.328136733450572e-36,0.0009103050728645414,8.640055740091575e-16,8.33675963099726e-30,6.942774676941487e-14,7.3414602333509814e-09
168,0.010278748036907164,2.5705841773349143e-31,1.4972610029837785e-14,0.0001507690806382717,0.9879350400722304,7.557149830579158e-06,1.4340259140975108e-06,3.2236110571388865e-13,0.001626423833887665,2.7784957795303176e-08,1.5298396750351754e-11
170,1.3185821788664275e-08,5.986852999710607e-57,0.024429403446831015,2.676916078182238e-18,7.45979216782669e-12,1.7644657971519848e-14,2.686911382260123e-28,5.417129267161909e-29,0.0005581580429037607,7.176154039735949e-25,0.9750124253169644
171,0.0004223585447084318,4.571404717103455e-36,0.00017429195814905392,3.9449975855794326e-19,0.0004905024843621466,3.7933153726374313e-06,3.974707434447889e-21,1.207167522548073e-15,0.998909049857424,5.278999232349388e-12,3.834702511224525e-09
172,0.7584665770566985,2.4644391426711943e-30,4.0763815963170304e-05,0.1825378686642143,0.058221580294968156,7.478523509916962e-21,0.0007331986176150239,8.886999792273473e-12,3.4037262449694554e-16,1.153741701577728e-08,4.235969213793174e-12
173,4.592754498538934e-29,4.9377166461436844e-05,5.696546838589636e-39,4.356014045796518e-26,2.544140690397237e-05,2.62584820806648e-50,5.491787413757773e-08,0.996179146037962,4.178617409517235e-65,0.003745980470801159,2.9760067447556046e-54
174,0.000719973894553029,4.111719162482435e-41,0.5340188745597464,5.8306252235409404e-18,1.3635012227260202e-05,2.6834207269464254e-05,6.114872136669271e-20,7.004105056146717e-17,0.4652206823261915,1.1263004487837921e-14,1.8147021773672366e-17
175,4.048399213825585e-19,1.4416694400747173e-24,8.116760871102718e-23,1.265311851729086e-05,0.00980166276945626,0.1382721771987749,0.8484829625837522,6.16513100606821e-06,0.003424358117043178,2.1081447718836488e-08,2.4221705773477648e-31
177,2.4398361937708362e-43,2.088998938906654e-07,3.494053046206888e-55,2.6116186944813888e-39,2.7045108362544904e-12,0.02480302643374028,6.22163511078818e-20,0.9751963632081654,2.3296784408005894e-17,4.014555028321666e-07,2.21894934010728e-73
179,1.071725273830869e-15,0.15134846047733994,2.692348483697802e-36,2.6969878433006554e-54,3.2396990862723987e-15,1.243971440403097e-12,6.081214984385894e-34,9.966572805166879e-06,6.463623284267997e-33,0.8486415729486119,7.719285997481196e-81
180,6.796161785147644e-42,6.505128351184579e-13,6.478105449339938e-64,9.6953188007045e-17,7.450181850922954e-11,0.8170208470352107,0.024511855269408793,0.15846729733301254,3.322500943543279e-12,2.838994355715086e-10,1.2571750244224612e-51
181,3.1217411404270817e-13,2.3372205861469133e-62,0.0005234014789247552,8.840987228172647e-20,7.491063317277963e-13,4.136873530144015e-18,1.3597501020566717e-31,2.6060719870612674e-33,1.526222112151759e-05,1.7232112115506206e-28,0.999461336298892
182,1.6045414316596801e-25,3.5376101171453325e-07,1.072951030561733e-31,9.635215360042625e-25,0.13226206708203384,3.807821521001429e-37,8.107760520623284e-10,0.022990711435051367,6.360363195010227e-51,0.8447468669111285,9.785065143721754e-74
183,0.0005056610692298188,1.4890266971791653e-30,7.741554116318947e-05,3.754320111604457e-18,1.0938901887369092e-05,0.27632224901411934,5.508911865281143e-16,6.63458841232143e-10,0.7230837346283182,9.864007841491847e-12,1.7195190697734516e-10
184,4.447370946718223e-14,9.264623800725415e-16,9.09512426563252e-22,2.7650137477472887e-09,0.022240768545479878,2.596535922279301e-15,0.9555017258194902,0.018684278904804015,2.8221906952173376e-20,0.003573223965166288,1.4056805418250837e-37
185,5.599602187431089e-07,3.865189030272421e-06,1.0681334049525606e-33,3.503318347242444e-24,1.8070900387377623e-07,1.4272459256535845e-50,7.550391891187428e-09,0.0382139334341089,1.453438368353166e-64,0.9617814531572414,6.104926432006943e-61
186,0.19348844766607567,3.7931632632952082e-19,6.612539371362424e-08,1.511176075426247e-07,0.7875691251822198,6.1532689193764354e-33,0.018121289991672715,0.00011207805841137252,4.7585044027222e-36,0.0007088418586252812,9.939867941726114e-24
187,9.54801713602811e-07,6.7002360515594214e-49,0.998862187102907,2.4383213535134987e-20,4.935014591922642e-08,1.2607828267264885e-11,1.8546548403697937e-27,9.82193836578103e-25,6.839806968002152e-05,7.435777754042083e-19,0.0010684106629446672
188,1.2838569387376152e-19,0.9518620295205084,1.9953447056926088e-32,2.01793120106399e-37,9.239931921512168e-11,1.265557022679095e-25,1.6151683256204433e-15,0.021921732183995797,3.8869709258347433e-47,0.026216238203099856,1.545999622884617e-79
189,8.275702950990112e-08,1.3264328851989294e-47,4.4024936886334576e-05,3.1090350773602437e-15,4.1584695857755103e-10,3.775460814344776e-08,1.1125330487947344e-20,1.1187600116548646e-20,0.9997236152647275,1.610343856665997e-21,0.00023223887089972504
190,1.5962820784128286e-27,0.9994202345810888,7.365278788894485e-44,4.591397926501908e-59,2.183492409546945e-19,1.0613421526020367e-23,2.2900413251565483e-33,6.564460492311019e-12,2.8906320402172836e-52,0.0005797654123511424,5.316495335195323e-104
191,0.7342666113468409,4.3360775383249036e-30,0.0001891992696992947,0.24318085587275945,0.02099323929592153,4.1401787849109085e-35,0.0013700799785407165,2.5688706396985376e-11,5.856684566827791e-33,1.421052220391004e-08,2.9504663570947225e-14
195,1.5910868207843713e-46,0.999999943190021,1.9765011445784521e-66,4.694398126983355e-55,2.332914703611198e-22,6.502124983375234e-65,1.3641119143952997e-26,5.216203875321857e-08,3.1605215261938806e-92,4.647937667871524e-09,1.6098727131714834e-109
196,6.228791277816665e-10,1.4496115264752186e-56,0.007269088392958476,2.0305037790405147e-19,5.449327132936593e-12,1.5716503190905342e-14,3.060204836665036e-29,1.370886294371229e-29,6.972030154766549e-05,7.47873109866373e-25,0.9926611906771486
197,0.0359023872977216,1.9912730454888356e-11,1.8661058219814622e-26,4.5013574494899376e-14,0.0004657964544837945,7.756206585642178e-46,0.00933654661554965,0.053272498629780354,1.2575597097196387e-53,0.9010227709825138,6.653427783587723e-33
