,0,1,2,3,4,5,6,7,8,9,10,11
3,2.58952770599016e-11,2.4581526462642718e-23,9.080010541258001e-10,0.0005578844717534462,0.0004315923123337106,5.236233014264248e-22,0.00020906722230708974,4.702268062734438e-06,6.628889479562771e-38,7.625391898680546e-08,2.124167085545954e-47,0.9987966765377279
5,3.645836720443126e-35,4.796449376743724e-16,0.9990188913539712,4.639880950606147e-09,2.8358202768541645e-46,5.161440546101951e-07,0.0009805874632720648,1.880311533237162e-43,6.375583440460437e-51,3.9882380351229847e-10,5.079522443700827e-24,6.464799719678998e-38
6,0.0001299117074491149,2.504787274637039e-13,4.429252589777679e-06,0.014375366345427487,0.0026696479994705903,5.131088983240427e-13,0.0035324616057782676,1.006070613078179e-11,2.7913701547903192e-33,0.35512539079084515,4.9868530664868925e-34,0.6241627922876101
8,0.25106930380056514,0.0006025417022103497,8.132251102198739e-05,0.7481297264021591,1.0603549090987367e-11,2.668609394001484e-06,6.816130724070969e-13,1.666200439224808e-29,4.376761429986897e-19,0.00011443689557496717,2.5978651004579966e-17,6.778791211496111e-11
9,2.4892553488392507e-05,0.0002378239762308379,1.499503127641198e-10,6.238030821049597e-06,3.7137083705122126e-08,4.84000149365643e-10,9.864377056812285e-16,1.6835350410656114e-40,0.003778156100094931,0.9959528515683134,8.330218632393886e-23,9.713241629141581e-15
10,0.040704792821419644,5.87913964877349e-09,0.002704077018670237,0.027165875153706238,4.654747449475367e-06,2.9137662255797985e-08,0.00015641262617289826,8.095803807732733e-30,2.426613799877699e-16,0.9292641526157858,7.609419635547209e-26,1.61309083502167e-16
11,0.000178036327824939,5.118379630040677e-06,7.940567310582792e-10,0.0001614147095931008,1.7919623222317212e-06,5.876373158909638e-11,7.0710890896904396e-15,1.5115651292429383e-39,3.472322531110994e-20,0.9996536377673991,9.038198476619554e-24,4.044368675382207e-13
12,0.9174992849097899,4.2600763005518134e-08,0.0002425089878155106,0.026968777283328072,2.509483664393604e-08,1.758808613888263e-08,2.2371301741087082e-07,7.781200100706571e-22,3.379926960331388e-32,0.055180449605794366,6.079398389566645e-24,0.00010867021657146695
13,9.077540693137689e-38,1.937655865840289e-18,0.0062426104058821074,8.906907614206174e-06,1.216567818885586e-09,1.8795866515974293e-12,0.9937483709186876,5.562154292420491e-12,3.3288947568864925e-20,1.1054380641126234e-07,9.490070770488079e-35,1.0862860054236387e-18
14,1.5797609984026742e-18,7.824662284530855e-06,0.00023085709501067335,0.0002405619436288489,1.2545449331962398e-06,5.11058487724007e-07,2.8630915912497055e-07,4.493797366805662e-20,0.8987220426881435,0.10079666169835537,9.02878201284943e-23,1.8521015367653295e-20
15,3.76705041716836e-14,4.728681019942449e-25,1.194589206586701e-11,1.7643356181703062e-05,0.005302088221495262,6.720613524346099e-24,0.0005439752004443311,0.035419836431226086,6.237645929028167e-06,7.039800939139266e-11,2.0835120942837956e-51,0.9587102190623447
16,2.9351365872746268e-05,7.569289811029067e-09,0.0006554737645441188,0.9862794183161521,7.112602062403247e-07,8.503815552837618e-09,1.946126017253841e-06,9.92310983991713e-21,5.904893929787198e-32,0.013031974853684703,3.9157946454450984e-26,1.1082404233566098e-06
18,2.3998641053455083e-19,0.6667682951795155,6.270538226472857e-05,1.0758255739160006e-10,3.8712275288000735e-22,0.3328474258671181,3.1111070076512343e-18,3.118070738108603e-71,4.1498037782945725e-21,0.00032136956610493767,2.0389740935099067e-07,3.942831329530324e-37
19,7.756384562400525e-28,0.03457474248347814,0.019279961577512102,8.994537508795464e-10,4.35513586709378e-19,0.7670439420130354,6.365272506106154e-13,5.2663120693217776e-42,2.905299082496948e-34,0.17910134876474962,4.261138179966428e-09,6.2403835755411815e-18
20,2.5285629751301263e-61,4.351940845476022e-08,0.24256797402560917,2.9592225303768594e-14,1.3490596519137442e-53,0.7574319759073928,2.7153139060976447e-11,2.408864031781009e-58,3.102189622375086e-36,6.3507566084782095e-09,1.6964662912698904e-10,2.823083322772358e-62
22,6.35205843563688e-40,5.421008563327255e-19,9.472482464432418e-05,9.273765117380467e-05,9.186393725270192e-05,5.8908548606699076e-15,0.9996214123604542,4.0261637833116286e-23,8.362693385065619e-05,1.563429261380039e-05,2.3660753073050423e-39,9.949168342723961e-21
23,7.281917904265098e-05,2.1012448519103045e-10,1.0836398143358534e-05,0.999142069952659,6.737703634246002e-05,5.996660821670264e-13,3.8028472758640743e-07,5.033213711940967e-14,1.2727047647743788e-18,0.00034218661591883467,2.727071318291853e-29,0.00036433032239082747
24,5.246384026679656e-19,3.0892131129303293e-13,0.9295961718580433,4.513119336096621e-06,1.9048128712651954e-11,9.253286915542879e-08,0.07038495577957461,2.4984610156994884e-33,1.0311129145263034e-17,1.4266690815876032e-05,6.4407335016723976e-27,6.752540203423456e-20
25,0.03343879358565514,0.013212809433936018,3.709050618231512e-07,0.27611722877863115,7.556963305227102e-07,8.074103484733921e-08,8.829408492068122e-14,7.088056012606174e-26,7.06419912051798e-33,0.6772299608297305,6.905548354848978e-20,2.9532381040911356e-11
26,7.358893752622127e-06,7.156189161266764e-12,9.70630167732662e-08,0.9938339831504884,0.00016758202434096143,1.0098213434844738e-13,2.589773472897816e-08,4.0002093315338246e-15,1.07344588769679e-33,0.005940202630466256,2.6318861880158945e-32,5.075033293944965e-05
27,0.0054226150786231995,3.15411400884785e-12,0.005376150984737607,0.9201060864734272,2.5997246283807316e-08,4.352476842502295e-10,0.044857750884519126,8.202308395980278e-18,6.915140778354775e-33,0.00036541937263505375,1.8581358971950508e-28,0.02387195077040854
28,9.44713048734927e-05,1.0214307395361577e-15,5.8999048479075665e-06,0.006409260274200913,9.875900953925399e-07,2.2344713413896682e-13,0.0004356377552441072,1.082921373501864e-12,0.00036765584020960365,5.717279737782672e-05,7.261757726917233e-35,0.9926289145318423
29,8.031803749981465e-32,0.3316560088439074,0.00021506489220531373,2.998400625723041e-10,5.518022036996095e-23,0.6681272756023161,1.324346287113891e-17,3.8496694374925694e-50,4.4134782113195814e-36,1.4641510895997957e-06,1.8621063722241974e-07,6.383351615455034e-25
30,4.482196815408617e-22,1.5582597723503868e-11,0.9718342890321362,0.0008485161956454704,8.076230090013206e-09,1.4071418336540252e-07,0.01048017425290908,3.260368258032664e-31,7.388209260119858e-18,0.016836871713310806,2.4740527093232703e-25,2.7452945872278323e-21
31,8.100708403775177e-18,0.0005645301567176598,5.5290561346879774e-05,1.8624366146398657e-13,2.4388173283859424e-27,0.9993799511184783,1.1042710401925586e-16,7.531498973452423e-51,8.484025300750603e-22,1.4930996005316484e-07,7.885331686534411e-08,1.709378581590539e-23
32,1.957136558908692e-79,7.778868812059324e-17,0.9986308124139531,3.5685221915571315e-16,2.0039497704242011e-53,0.0013491280452431259,1.982352703863544e-05,3.487435700614293e-51,2.3601348648754057e-07,2.7307979351032984e-13,5.644701338879442e-20,7.068737354799173e-70
33,0.5187386645291913,3.238128738627109e-05,1.0844074429737262e-05,0.4811971005424782,1.6201247181277638e-11,1.2252597149590104e-08,8.528906762262625e-14,5.121809072059514e-31,1.2643453281093373e-49,2.0997109199720564e-05,8.49076236771138e-20,1.8842731493742234e-10
36,5.195242694699676e-36,2.1409701287761474e-16,0.9953696974290612,4.5102360804108407e-10,1.7452491965504018e-44,9.827464377363555e-07,0.004596342418499441,2.176892929779419e-38,3.297677706484337e-05,1.7791936153351048e-10,1.8705116859472632e-25,8.501108093076229e-37
37,2.728385854494039e-14,0.0002155030453093775,0.8882404016609448,0.015237833463607338,1.2623431308834954e-28,0.09504414178763483,1.385512485875357e-10,4.05503597007861e-36,2.2106959796664334e-34,0.001262119903903353,2.0939909965383677e-14,3.292057077495663e-25
38,5.164333764077821e-77,3.0578783937502068e-06,0.009230285820886705,6.045808059802015e-15,1.0941531978903068e-41,0.9907665513596813,1.1594507431770742e-15,3.2686490739479714e-64,7.104804017375808e-38,4.3584661784149774e-08,6.135637097793048e-08,7.749340779541218e-68
39,0.1062663597742968,0.008299139399469548,3.250152856443352e-06,0.0002486485061685078,5.492587436213019e-11,1.0835405306655101e-07,8.749271257733842e-13,6.869343217993967e-31,0.8850425522707548,0.00013994147495596787,7.146192337425847e-19,1.1644926256582246e-11
41,2.0189971492467037e-15,1.26990460852622e-25,7.357999434838462e-14,2.478500797273439e-06,0.9189165808797155,6.712508046770925e-26,1.089361706745275e-05,0.059555555283531444,4.139184230526344e-06,1.4029290116071533e-10,7.656090277242214e-54,0.02151035239429121
43,2.1208711825771194e-35,4.013687199588657e-09,0.09411714418668057,4.104311749939377e-06,3.2949385365043513e-26,2.5096729737964613e-05,7.426259354818166e-05,3.600881492681443e-35,0.905779313472684,7.469190916182757e-08,4.808696031305188e-20,2.4773871364880833e-38
45,3.248008703935963e-08,3.95925651482508e-08,2.5559611103665515e-12,3.4648631032634457e-07,0.00032180071781467143,5.931777566941462e-15,3.347018016913258e-14,1.2154097544821641e-31,0.9987220556878735,0.0009557250224830629,1.9326575105882927e-30,1.0264753793317337e-11
46,4.599589676347592e-24,0.9999654443130264,2.301148626377228e-12,1.6431065799945343e-13,5.997850789652283e-22,1.8508571414740138e-06,2.576873668265963e-25,7.467881407833903e-66,5.759213059346478e-24,3.270480282711093e-05,2.4532962337945242e-11,1.7362438341066417e-44
47,4.773278405691382e-06,1.7747640944684998e-06,1.85971701484986e-12,1.3372978233926721e-06,6.924733657832826e-07,3.9404764166019697e-13,2.1445176710407134e-15,7.506136467776291e-27,9.294033994731141e-21,0.9999914221837662,3.29301677772122e-27,2.92534694121449e-13
48,0.7691828789919881,1.8037046307406188e-11,0.0008890432895262792,0.055965481544469155,1.8384804110949207e-07,3.4569760306619973e-10,0.0001988954074939409,1.5694711807663498e-14,5.6513823763370736e-18,7.720640967017789e-05,1.3658618227632303e-27,0.17368631014505903
49,5.732816607377073e-78,1.0534718523865846e-17,0.9985465652028456,4.5898208461331815e-12,2.8662342932781553e-36,7.396141678668374e-07,0.0014526951722181026,6.943832389083567e-44,2.129650463820637e-24,6.17340501489912e-12,9.82761725803452e-25,1.642509734393146e-54
50,1.2602362807667032e-07,3.359269064735939e-13,6.819555728042096e-10,0.5995481569311608,0.3999184114826692,7.360509272592804e-18,4.521501921386068e-09,4.1657373415891775e-14,1.656036723280168e-48,0.0005166931331541652,1.2852752495147861e-37,1.6607225549548265e-05
51,5.640681282956512e-23,0.9999819439137528,3.8954714183818506e-15,2.019140667583338e-20,2.111109220411039e-32,1.7952917737920886e-06,4.243269816302106e-33,8.976248838674322e-68,1.3913722127243724e-58,1.6474343881430005e-09,1.625914703395057e-05,1.9844500992714777e-49
52,5.3385402988561945e-06,0.9999941254591281,1.6467393417423032e-14,1.0596999169929923e-16,3.2098964251127405e-28,3.8135693444849073e-07,4.290297636162414e-31,5.328030763925109e-61,1.3285462925278382e-55,1.177734674744298e-07,3.6870156794413516e-08,4.07081286398525e-30
53,0.034773005041556476,0.9448480783436621,2.9354780311067656e-07,1.3174123085768307e-07,3.818804912753425e-17,4.052638032082608e-05,2.1196496569264663e-18,9.664345578171164e-43,1.2744453291637395e-33,0.020337964926362383,1.905768357889419e-11,1.3811046059633403e-18
55,6.454072365448973e-66,2.397373520108234e-05,5.4258571181641155e-08,2.3252471325981326e-23,1.1225838871823113e-55,0.33754063581397403,1.048336947914589e-25,1.8626513169567477e-84,2.5279622173875985e-59,3.3717267037696376e-15,0.6624353361922456,3.513684113201614e-78
56,2.4110111867704325e-14,3.6606456683764054e-23,5.4582173151483495e-15,1.5330637126360286e-06,0.993330923974887,4.1755404426522494e-26,1.0287053176518347e-07,0.006595893876512392,6.710531818765894e-07,2.581220608905945e-10,2.283102814762837e-51,7.087490302522506e-05
57,0.0003008796078457965,8.231455758308816e-11,5.562137056253173e-06,0.9995128348002085,3.632923203034107e-07,3.0024167497654764e-11,1.8744993495648257e-07,4.319421212234902e-15,2.6917655351746083e-05,6.081344884581813e-06,2.1578913557483445e-29,0.00014717360005706345
59,5.8596962133753674e-06,1.0584991861832114e-16,4.269897977444507e-05,0.02181236415251856,1.8068174611751552e-19,3.4832047400998665e-14,0.008823442228963268,4.920878155488089e-12,5.773607873140185e-19,2.1023180955007513e-06,2.518851353438987e-35,0.9693135326194816
60,5.6541395863011625e-18,2.0803622507862906e-28,8.984843832030391e-17,9.247231031837411e-08,0.45023187623100286,7.499874130601793e-30,2.13269557468746e-07,0.5488895019033724,4.367300506050646e-08,1.249781125525286e-12,2.566799893686454e-58,0.0008782724495037444
61,8.496633396756896e-05,0.0010384732339158416,1.3398426931033093e-11,2.059724818602744e-06,3.4522904438891242e-09,2.446252614245629e-10,7.955110161851258e-19,2.738902801956445e-32,1.7432572188359283e-06,0.9988727537397584,1.178983008068235e-21,3.6154120282324807e-16
63,1.3564383376046404e-17,2.2359996512106237e-07,0.39794456239256315,0.5641810119498136,2.957650187074196e-07,1.105508519274025e-05,0.00010970034014295602,5.5017546449993934e-21,1.0607309972568158e-16,0.03775314214037104,5.088415690430465e-22,8.726930967887696e-09
64,5.965017364367392e-15,9.735948924385431e-25,1.449118135893566e-14,3.1712959815149547e-06,0.9947999635142323,6.453666871779355e-26,4.4664194990105524e-07,0.0010037153570433492,3.342455623407043e-08,1.8194294348096326e-10,2.6051494113107305e-52,0.004192669584276335
65,6.116557315525e-31,7.81631470572004e-06,0.6970584361075736,1.0592660956463e-05,1.6408036621466866e-26,0.018650561770901197,1.1738049502739095e-07,1.818110171661557e-46,1.7255609347592887e-46,0.28427247576536246,7.81668285038599e-16,6.607729501330775e-27
66,7.188598449911582e-34,2.5941773438274093e-12,0.999871668423776,1.41526859780757e-07,1.6421506110839225e-29,2.0525239292835768e-05,0.00010760316600586683,2.9295299382995387e-40,3.851999735997728e-21,6.164146543085463e-08,1.3287989325886669e-20,1.9202035010036067e-25
67,1.0036707737426456e-16,4.557727071803856e-27,1.4440617996125615e-15,1.5948851396683136e-06,0.964583227950384,3.4566301860954917e-28,2.3385224715468957e-07,0.03518730692297335,1.1864547360626249e-07,1.3241519729595106e-11,8.787309069510664e-57,0.00022751773054017314
68,3.4270031450372583e-07,0.9985438105842431,1.2912525251821034e-08,6.768354138759098e-13,2.0271247292869064e-24,0.0014464383211988732,3.6249448954967535e-21,5.498444794327033e-62,8.90882029907617e-06,4.127800945385809e-07,7.388064550507211e-08,8.206074868216603e-38
69,0.005006275821034824,0.9941562407585917,1.5560654131733203e-11,5.688378896751106e-16,1.692716691997571e-34,0.00042138254963536775,3.0379564509850313e-28,7.1174151747793885e-65,1.7433259345871434e-30,4.460877905321595e-12,0.00041610085071529907,6.308422017654654e-29
70,2.165576903028204e-52,0.26087112970281057,6.984734629701147e-12,4.508265492169632e-22,2.4163515425366467e-38,0.018822533892935353,1.2611417556997892e-31,6.2491338823288105e-84,1.81266493622042e-26,3.301024373196445e-12,0.7203063363939692,1.0948072114342087e-54
71,0.5959015456900915,0.00012448020997664892,0.029597446626550814,0.02216473507530375,5.848634709578623e-09,0.00040463186565348506,1.7923171694440153e-08,1.296356198668803e-27,2.7711984951269506e-17,0.3518071309724539,4.521409162138298e-18,5.788159587464797e-09
72,1.0809541635375885e-31,1.3992569584972743e-09,0.9770352023865918,4.8378435818151077e-11,3.0454897101227306e-20,0.015850647963940225,1.1065358759083434e-06,1.664767911865047e-44,0.007113037250466354,4.415491023812033e-09,1.1859246907807344e-15,1.890288591753869e-27
73,2.330517888404353e-19,6.04013658530006e-10,0.0003674348900186831,0.11671142710394149,0.013648569626486208,4.360070132838124e-10,0.0003167446846078382,3.3556680141508686e-14,2.7098088566921054e-31,0.8689531067277922,6.811022937010239e-30,2.7159271052698754e-06
74,6.098521221605294e-14,6.348936502351881e-22,1.1166046726324163e-13,0.00034514073343799926,0.9994955602867043,1.65233553189433e-24,1.1312872693263234e-08,3.288576426963558e-07,1.212772875216507e-07,5.078574993515982e-09,3.809696349306754e-50,0.00015883245330715922
75,9.125705539569321e-15,6.9615876058964655e-28,1.1380340541701514e-13,3.371453704628512e-05,0.755890491554658,8.063123452613574e-28,8.410398150710698e-06,0.008103631157347815,1.9760439750317348e-56,5.655404643095167e-10,2.2846736108065887e-55,0.23596375178713558
76,1.007872343261691e-10,0.10937499553562965,9.634984914226769e-22,2.0115056939052982e-24,1.711269354690509e-58,1.2960713542890194e-08,6.815575293017908e-47,4.6453832932081826e-86,3.7265612359584085e-51,4.666491985552015e-19,0.8906249914028747,5.7576865831740665e-46
77,1.7630150051982957e-06,4.2672914323090186e-16,8.279060540859375e-08,0.9996886798675131,2.593034164069992e-05,2.5957099487160023e-16,1.039896738421532e-07,5.887118478738362e-15,1.404675569399953e-50,1.1869509882128457e-06,1.0252014509945183e-36,0.00028225304456648434
78,5.127514022751265e-52,3.2232420457253884e-07,2.4724040101133553e-07,2.157368511945895e-20,3.1785026529508062e-65,0.9980856075198382,2.721406230975531e-24,8.151380549453788e-80,5.109044285117601e-58,5.703144478324665e-14,0.0019138229155003764,4.7599474387430994e-63
80,8.978291934530179e-11,1.1696578211854964e-18,1.8998491952334213e-10,0.0165870002089749,0.9590374234018273,1.0556214028599524e-20,2.3193918259671046e-05,0.0013470620646495652,0.0005578350724510845,1.978495735749258e-07,2.3030268360617685e-45,0.02244728720449778
81,2.2052839464504136e-81,3.1858584791471144e-10,0.00034012345715681697,8.735520383702382e-21,2.9640978692314713e-63,0.9996597406655315,2.2800895076798106e-16,7.075855504324135e-69,7.016478201702729e-08,4.956581257171886e-16,6.539394068336705e-08,3.436420637701485e-83
82,1.5265617134915398e-20,1.4550118678609193e-14,0.009320912596305159,4.134811923788326e-05,1.553031982704137e-21,2.1530820681734315e-10,0.055980948206159356,6.3388161333915194e-27,0.9346565978704017,1.929925778882595e-07,1.4331723131590115e-30,5.731807400034838e-18
83,1.946144520301394e-76,5.961922532049441e-10,0.5252076298284374,5.196927372854781e-16,5.886097622417501e-41,0.47479220943980793,1.1618372028036959e-08,1.031282834848569e-69,1.348828542636542e-38,1.48510658117537e-07,6.525057629185198e-12,5.620514126172891e-63
85,8.639608198110705e-05,3.653969612177566e-11,1.9657090087094186e-07,0.00891554795896215,0.008284187897546756,3.3239714364912374e-13,3.973623112810053e-06,2.1061262508507187e-13,0.9817029842008275,0.0005920749129246342,3.249125335646568e-32,0.0004146387166624079
86,5.957069798033363e-07,2.2598615841694606e-09,2.6368911722746508e-09,0.9999705373349648,1.658403803118385e-05,2.872223930508473e-14,2.7285013158682227e-13,4.171740277973913e-21,4.404396731596768e-06,7.872405261606295e-06,6.8188133337225315e-31,1.2209750566869224e-09
87,3.394468717027035e-45,6.043017325423336e-08,4.11745209316039e-20,1.4771975107183536e-33,1.0613292310163377e-69,3.210385245911576e-07,2.2965791645855107e-43,1.0015909642959887e-105,7.95246121204264e-56,1.3458393364121109e-24,0.9999996185313068,3.826023356070697e-80
88,2.0523355076245098e-30,1.92043222877881e-07,0.9920362352308809,1.6753251666778268e-05,1.9690871015298084e-27,0.002964824508704904,4.577163121873893e-07,2.1151332033315947e-29,3.6236723696298743e-31,0.0049815372473389205,3.2014019147909994e-17,1.8709845279518073e-12
89,0.05329665342484534,4.669002966454581e-12,0.0004500382031327494,0.8113019312085916,2.675554719696309e-06,2.161601364486543e-11,8.861267348419927e-06,9.31237689286664e-17,2.091934484968304e-34,0.00705398507801199,7.916435232197754e-30,0.12788585523706442
90,2.0145706338728684e-64,1.2305518635011978e-12,0.9999573686421008,1.3369654230151255e-10,2.4679923028432544e-34,1.9313701998141545e-05,2.3316959132299924e-05,1.8613412339585596e-43,1.4151161290345163e-35,5.61841811967253e-10,1.4207819368485954e-19,1.852242187055207e-55
91,2.2475266228991453e-69,3.34021723663154e-06,1.653372859230098e-08,1.7852235453370833e-23,3.623278234500509e-56,0.9777636836661615,6.124576505249451e-27,1.4057371976484226e-85,7.117612454758671e-43,9.397696368246851e-15,0.02223295958286664,1.3853600023598875e-81
92,6.920721954887221e-05,1.1742371313038189e-11,9.086309789197722e-07,0.842640924487725,0.03198484535911775,5.056511540023546e-13,7.289933055060641e-06,1.3850839426651174e-10,0.08138683908180652,0.0001012681018376091,1.340973421331414e-33,0.043808717035175394
93,1.0952669294477174e-29,4.895068348840517e-05,2.5525623452644985e-19,4.8024046681749624e-30,1.9586304610316536e-62,2.8167757298503514e-06,7.421408791268331e-42,7.232578749162566e-98,1.1744396449961746e-21,1.8278452471479756e-22,0.9999482325407852,1.6101821835243865e-63
94,2.465579708252303e-07,1.7421512896655276e-14,1.5688586106617072e-08,0.1646186006931067,0.8318134519215283,1.2641758221800292e-16,2.879936862352551e-07,2.3061581519748544e-13,4.7576088566234893e-48,0.0035181750517282733,6.118960544631065e-38,4.922209314382808e-05
95,3.581953350262464e-84,1.0626691562363687e-09,1.3494260712527396e-13,5.606251463574252e-33,1.1202989337025544e-68,0.0026376333867511215,5.2143873715335164e-36,8.96226882092213e-104,2.13843052372044e-67,2.1339230148414896e-19,0.9973623655504464,1.3303158763682742e-101
96,3.1919376256555325e-67,8.354497066665923e-05,1.3711552159229772e-10,6.095330138498142e-26,5.276607185006887e-56,0.37346787433343254,5.7684794288275905e-28,9.790554882793226e-88,1.772823314478755e-44,9.398974955667344e-14,0.6264485805586965,2.41333628868577e-81
97,5.433046476536953e-08,7.758773722827875e-12,4.610692383751959e-11,0.0018076018124321047,0.9183533630856722,1.4233608138236029e-16,1.8743051780495155e-09,1.5039923726380424e-12,0.0007626530404191571,0.0790719400758495,1.1074813899063903e-35,4.385725490237942e-06
98,3.0529168153488855e-66,2.091870150675772e-08,1.961819064679432e-05,3.910554449247958e-19,1.7811533572885433e-49,0.9999794350270905,8.499596594510303e-19,3.726242746355441e-74,3.1154180267687825e-40,3.282289346597305e-11,9.258307450527088e-07,8.478746977099151e-72
99,2.76265529367247e-17,0.0007006462816563922,0.019869038664080255,0.2652377673897825,4.0427075000208975e-08,5.211943505359988e-05,2.6837559220780663e-08,1.7194695450940888e-25,1.5615296128817026e-16,0.7141403609561265,1.396692299153241e-19,8.670976696301222e-12
100,1.5436793601167055e-34,3.562380541585406e-08,0.9947571710962834,6.76990118824111e-06,1.161003749407231e-20,0.004770868289862046,1.0135726555031806e-08,3.881928700325529e-46,0.0004651449412574989,1.1872697665780562e-11,1.995010603307656e-15,8.830249648685698e-30
101,4.2216412200765453e-63,6.717229989477305e-08,8.01585957904175e-05,5.271103988774635e-19,9.970369198439699e-49,0.9999185588316207,1.7605377041856195e-18,5.152294794476319e-73,1.8073097269988004e-41,7.808343303193576e-13,1.215399511189889e-06,1.512268132606719e-69
102,3.6276392046508237e-64,7.45719780373317e-08,0.0007228491873044494,1.0993341428771505e-18,1.4967218044662584e-49,0.9992493501455638,2.1256519281896717e-17,2.1908685496324737e-70,9.564562185194054e-40,2.6691732320368285e-13,2.7726094883372767e-05,1.6518812683155907e-69
103,1.7294627646509337e-49,3.861333012203417e-06,0.136571936151419,1.372903008331565e-11,1.0113021267591679e-35,0.4639617511721063,2.841275012690807e-10,3.2102232664958485e-51,0.399462425009122,2.596220295994809e-08,7.427577489074938e-11,7.254987556647528e-48
104,8.69655884533783e-50,6.320913760548327e-08,2.1824816617688495e-26,7.207424950642375e-41,1.1649535875717185e-73,1.0704424180861771e-10,8.177920302891171e-53,2.3728316058115604e-127,4.437516592977911e-72,5.431482100777844e-25,0.999999936683823,6.3739273510776714e-77
107,4.928286891208018e-33,1.1864234541189791e-11,0.9991457871458245,0.0002505972599896748,3.496809978252284e-25,6.093012274513055e-07,0.00040173372207874075,2.2959464534974986e-23,5.419107122957459e-34,0.00020127255901664827,2.2135811799381574e-24,2.0637249856221513e-22
108,0.0004049174779610494,3.9510630530883747e-10,2.822372728244349e-06,0.9053990533048941,0.03492965453295556,1.132123432614732e-12,9.004860183870997e-07,9.419813399174455e-14,2.3578061716884245e-16,0.0585118566040639,4.375300169691555e-31,0.0007507948250446048
109,2.6142825672165654e-08,2.419477553651888e-11,4.807456077984934e-11,0.04437521717274358,0.9501263602877649,8.10840334829751e-17,1.5661888759345735e-10,2.748858767390342e-13,1.3516971707752775e-18,0.005497769373657294,1.9243287834353745e-35,6.267938450252683e-07
110,3.8692654421377344e-61,8.67083037095656e-08,0.01226634303036946,3.5225617988239583e-10,1.3564256805866898e-29,0.0036115130266375756,7.223020615829353e-09,1.4022126765579163e-32,0.9841193536903178,2.695969097414966e-06,1.4548072236884474e-16,4.946259077854137e-55
111,0.0020884817445294464,0.9974307247125694,1.0741457597412503e-11,1.1545228450058664e-11,8.077995827803159e-19,9.679307858952637e-07,2.1083957063606866e-22,7.543899796445395e-45,3.8696790920012435e-21,0.0004798255878013412,2.0323184466463956e-12,7.337398495055372e-21
112,2.0814600079834956e-08,2.3203457820482563e-16,1.1324295865139994e-08,0.020770495365818337,0.8931843138751515,1.7668716683693005e-17,1.7277836881866477e-05,9.219713288710212e-07,0.043357510707927246,1.161303572410502e-05,1.233169622024665e-41,0.04265783506827405
113,1.206275972346066e-07,1.2106394578479928e-18,3.419587658762337e-07,0.0894197933193803,0.0001270518460865227,5.63389370130864e-18,0.0009842299229465632,1.5744098435661715e-08,3.902208749431465e-20,1.6083638629932275e-07,5.305098028857302e-41,0.9094682857447398
114,9.570524688991535e-80,3.6913646938032432e-09,1.1815565500891847e-07,1.123025623435754e-24,2.6351049004602283e-70,0.9994416102008402,1.1480954822171925e-22,1.3289851920672075e-81,1.3372711920937966e-31,1.488337667606517e-16,0.0005582679521403774,7.897787557802207e-88
115,0.912149549554123,0.0024013991821759707,9.572549418343323e-06,2.860616696913075e-05,1.2878103356634527e-11,3.622010323296352e-06,2.0251775591899635e-12,1.0964516774684594e-30,0.08512843041283123,0.0002788198631845397,2.7750748833992633e-18,2.4607511731824806e-10
116,0.2411681752510463,1.0750908881002824e-09,0.0007673481482232744,0.7346791326641113,1.7930489285021953e-06,1.0971423448378844e-09,0.00033879383151133466,5.354776710111749e-16,2.1317090388013403e-17,0.0028199998528269043,3.263771133018107e-27,0.02022475503112541
117,1.7625386883321566e-15,0.24589585511576584,0.005881473123498691,5.000956857950417e-05,1.5291549472063412e-11,0.013220056813156956,1.0022856258527871e-10,3.062710574448151e-31,1.0247579109506068e-30,0.7349526052625837,4.822902851959563e-13,4.176688156838175e-13
118,1.2736703320462699e-36,0.001154588600964669,7.104911565388988e-07,4.585852693375239e-17,2.4592138912277017e-36,0.997118980941472,1.367098443040635e-23,6.504026334137054e-76,2.1406385516503345e-27,5.043845063213784e-12,0.0017257199613642002,5.879866544320083e-47
119,1.0920152734961542e-49,2.0047499711997374e-08,0.007091296027069921,3.680183090508395e-16,4.960850857465371e-52,0.9900241498438974,2.2140781809727743e-10,4.514292507884729e-53,0.002884530940684926,2.895687040895031e-09,2.3749314271055726e-11,2.888191277966784e-49
120,1.12726498624324e-08,1.52756049054628e-11,1.686808455872163e-09,0.9864050974668876,0.013025294855010248,5.941490652868939e-16,4.5015177369419053e-11,3.5391635754545273e-15,7.355228995617111e-19,0.0005695874586771687,2.1304071399178423e-34,7.1996700380963985e-09
122,4.876952953359434e-67,3.7424909313387756e-05,5.0452685788125194e-12,2.5519936089743197e-27,3.2620537329274326e-44,0.036418383719420376,1.3459234224331007e-29,3.1222140152346084e-99,3.361569985306754e-30,1.0419314641734432e-14,0.9635441913662111,4.690480737734082e-70
123,2.315368301001747e-07,1.217218975262795e-06,2.101182171701848e-11,4.191414204754464e-05,9.736865914869142e-06,1.708178071872365e-13,1.4102117023716643e-15,2.498019769948037e-23,0.9981394274853332,0.001807472729192821,4.612895687990335e-28,5.233630188503632e-13
124,1.2173065410635188e-57,3.1028099220236577e-12,5.5846811418892174e-39,1.8805618341924936e-53,4.077618126635772e-80,1.1664646688021498e-17,6.72511751484664e-72,1.605447673923398e-144,2.049253357951216e-86,1.7494375807879015e-38,0.999999999996902,2.2804602591094408e-95
125,9.44660458697049e-54,6.513352100802339e-22,0.004052694335138704,1.0979734004386784e-09,8.218238444606094e-15,4.665984020351048e-12,0.9959472965824584,1.4456309091999995e-30,4.2997684999477786e-52,7.979756386148635e-09,8.450951900133054e-35,6.458234376546502e-36
126,7.811708738325494e-17,0.00022222668626638135,0.963685509888716,8.00869090442751e-06,1.0640932062677583e-26,0.018088746189054192,8.213062203239046e-07,1.0760490671377668e-43,3.2127081077297186e-31,0.01799468723881126,2.3120491524831376e-14,6.865237162610905e-38
128,0.44484681904897816,0.5148739135986353,5.113577156864119e-07,0.03865981726355204,9.316978007833635e-12,5.536879780465956e-06,7.121485000059011e-16,4.333918717161171e-34,1.452687043858337e-18,0.001613401841884133,1.5861663412776314e-14,1.1429217905778506e-13
129,1.8552796015689592e-82,1.953111584185205e-06,5.250928539427767e-09,2.135570704654634e-26,3.205217247248941e-57,0.10589462143953633,2.6285076047809904e-28,7.230175727198443e-87,1.655596079958814e-57,5.505805353544692e-14,0.8941034201978992,4.775702956014927e-95
130,1.1982418898308767e-08,1.7078776833938967e-18,6.81664878806657e-12,1.434846505005953e-05,0.9977119254275543,5.5606800179111056e-21,3.586726227850181e-06,5.241225154647186e-20,1.610067124830399e-35,0.00011305733671088247,7.161530453079772e-44,0.002157070055221353
131,6.945424358416923e-75,6.44605796347327e-08,5.448594312732901e-20,8.221459238233918e-37,1.0856584696094017e-68,1.0699534753807034e-06,2.8781303114292454e-42,2.1164151937382293e-115,1.7269753031696853e-23,1.3436247849372255e-23,0.9999988655859409,3.1173975867397964e-94
132,2.305361010415668e-18,3.153851433384973e-06,0.3272526992899256,0.644268612113561,2.7690234309417674e-23,5.102695947119961e-05,1.8980860913817469e-06,2.548295795658613e-25,2.8348572199907916e-30,0.028422609699514437,1.6671709529805046e-20,4.328555550439369e-22
133,9.248006646966233e-07,7.595062034430381e-11,2.152598516888531e-09,0.9892259659810293,0.008091735178897639,2.3405524177833155e-15,8.689484162511954e-12,8.536144516470304e-18,1.9073452843942734e-49,0.0026812966791592433,2.050977758095281e-33,7.512300557463407e-08
134,0.00027799539455094846,0.0006579957897058193,2.0722727740324243e-07,0.9946771349819061,1.4731174532722516e-08,4.909479708582239e-10,4.088920555953076e-14,9.18456069215841e-25,0.004378207010695763,8.444346694682517e-06,4.8771805888969445e-22,2.7003628732528915e-11
136,4.112868736694285e-51,8.73778983020698e-13,0.9999408052340274,4.6790959603564254e-07,2.625838516911507e-16,6.275101502315678e-07,5.766463957567278e-05,3.641912996419757e-39,6.066953543814295e-50,4.347057825676784e-07,5.1161819368995755e-23,2.848175015845123e-40
137,4.568064989994845e-24,0.880859052001776,1.8194422345438126e-16,8.98971786212944e-25,4.3958758886895357e-41,1.3336148077827643e-05,1.7458588721666244e-37,1.7448246412996825e-79,1.382818522886873e-59,7.198497928073202e-13,0.11912761184942686,2.421245847379783e-55
138,1.1947407662450578e-30,0.14506796001730526,0.000469534998221845,1.1563268403524574e-09,1.0265031148160223e-16,0.15679062642427016,3.1147541091736744e-13,1.8502360952325347e-36,0.694875159815779,0.002796717556511473,3.127853978405508e-11,2.1112908541912997e-29
139,0.000737784956974523,0.9992393575287525,5.162188758923985e-12,5.739911368717492e-11,1.4975212773661305e-22,1.7146599981223058e-05,1.185517338188663e-25,1.586113866856637e-53,1.428993175374715e-23,5.710227958438449e-06,6.237690469700039e-10,1.6229641511702724e-24
140,2.676567957059934e-05,4.721918216938145e-16,7.830678687222521e-05,0.7178374256720385,8.546914892863915e-08,3.259466191944003e-14,0.00014237418305903808,1.8544941577642107e-15,1.0426141897877437e-33,5.789460963701545e-07,3.474776080431005e-36,0.2819144632631777
141,0.023045869293724104,0.9768926741951919,1.1403395443187057e-07,1.0603745817463362e-06,9.543994047583843e-19,4.134151077968375e-05,2.170165382793189e-19,6.7299170029849114e-46,1.6282103718575216e-50,1.8940530276674145e-05,6.14979098064449e-11,2.1372338173342878e-18
143,2.1150306527618746e-34,0.10643805814746365,9.596864763046464e-07,4.05842570956741e-16,5.326791620442903e-25,0.8840347430005666,1.41961588340024e-19,2.067289536628702e-64,1.2673551425306756e-50,0.009519009705720737,7.229459769589983e-06,1.743018238100853e-42
144,0.030578744953859736,5.833076186293339e-13,0.0013647239081667883,0.1071816934470156,2.720667648581838e-07,2.2449022268366224e-11,0.010263140670884154,7.980130194247531e-15,2.7684584175752977e-17,9.816558410315465e-06,7.2289407650803415e-31,0.8506016083718565
145,1.1982707612218658e-13,7.729357805812486e-09,0.0010789984840061258,0.0001106462909493646,4.2260243310161163e-07,1.8143852665700454e-08,5.444825786920794e-06,9.948837517883867e-35,6.238414141446582e-33,0.9988009159817125,4.819918155749594e-24,3.545941786972477e-06
146,7.286250085591798e-16,0.002290230446319345,0.014695402063914915,0.0008239355454348676,1.7050097928353441e-10,0.0005908934304758808,2.873025295809205e-08,1.8633188454960204e-28,0.8682362902284755,0.11336321938462898,5.614868691607843e-18,4.0747804038070747e-22
148,1.1039381502789713e-65,1.1972994706167097e-08,0.0003908117475548489,1.0756943091920768e-18,1.065141105213525e-59,0.9996091712265605,1.600555887497348e-14,1.9210534726782997e-63,1.7272166663980296e-09,2.544654507853289e-14,3.325634248938319e-09,5.131131062100855e-67
149,3.4092089722113086e-65,2.1573108023504055e-13,0.9996983129348228,3.3978459490160727e-11,6.012241257732447e-36,0.0002602438306825887,4.1434675243337316e-05,8.752830659028617e-47,8.901154368065139e-37,8.525050804080386e-09,7.9876183376316e-19,2.3582598140660335e-56
150,7.497098977168369e-50,0.055891176328719254,4.5696571622706525e-07,1.399843887251766e-17,5.380391033622488e-29,0.9440052369109989,1.0069504609200394e-21,3.2223356362154947e-56,3.377804000306391e-51,4.380345805681938e-05,5.932633650642821e-05,1.2225807709342805e-45
151,6.905595169396392e-08,3.0254094515084793e-05,1.1052829629230761e-13,8.193898399124177e-10,2.87869628759867e-09,3.711556642468569e-13,7.891869367539944e-19,7.122774334547443e-47,3.105555780221381e-21,0.9999696731509622,2.7233339806233116e-24,5.539866795548374e-18
152,3.773351893627217e-22,4.2977262272415376e-19,0.0013029086692654347,0.00012713122886225765,5.42931245413288e-09,1.0015871196669263e-13,0.9892666050240585,1.4964619930079435e-11,4.5175184843074095e-05,3.1941045142991313e-10,1.3126938983014599e-36,0.009258174129182905
153,0.05889341460772056,1.7932328528227862e-06,0.0001438615540491377,0.057082063987651324,2.958864110580587e-07,2.7308765664665256e-08,5.487759953254835e-07,3.121668906746109e-19,0.8737297773502597,0.01014350504741137,6.156248281687391e-23,4.7122488817230774e-06
154,0.0008508084052531749,0.0008893828687785488,7.160292571428096e-08,0.9744787415844095,6.08020685584182e-07,9.01254116041705e-10,3.2117875231993715e-14,6.53442256945616e-26,1.0876201097464166e-17,0.023780386613494606,1.5471550022866187e-22,3.1715188809602818e-12
156,4.929686590313279e-05,7.251895763057728e-15,1.956903391590128e-07,0.005457521294417481,0.019371122550168162,2.7786646840284575e-15,0.0003439421821028885,2.6047840866436962e-21,0.0007111984529060253,1.0316824848038336e-05,6.628737804072857e-36,0.9740564061393088
157,3.0560785536135666e-16,1.15469444442706e-29,1.0043900541133217e-14,3.7884626417971245e-09,0.0001536367166916222,1.2344737216223936e-27,0.00020366610168440043,0.8444127715313193,6.121814463055804e-09,4.0322939766632184e-13,9.255753028367963e-56,0.15522991573961462
159,5.07427694936467e-29,2.9160954791827302e-05,0.9940223714667704,0.00017208340157184266,1.2359553304418186e-27,0.005339543045863152,1.663661461255441e-06,2.7853369835356044e-28,1.5969522092461542e-16,0.00043517746954421435,3.695863116685616e-16,2.2204184691037256e-34
161,9.640946356687803e-32,0.011711826258941023,0.00010385196129888139,6.99058819360573e-12,2.648485656201025e-30,0.8220696469492859,4.082535571702151e-12,2.2490752186137983e-51,0.16273329180007598,0.003381382984477996,3.484083295660903e-11,1.6558340453746825e-33
162,2.930346522759876e-11,5.61887449461925e-24,2.069517798564831e-11,4.285259073591069e-06,0.0009444693681707045,4.3651031132228975e-23,0.0003479486412819017,0.00034692446222208,2.663152432532736e-06,1.0907519800208728e-11,3.499402866438978e-48,0.9983537090559155
163,7.92737856148358e-07,1.1448721381007156e-16,5.889788422532068e-09,0.0029682573274291907,0.1696797495634523,7.295826746747007e-18,6.385427643649184e-05,7.290893587110777e-07,0.002390251526972743,5.679394521413327e-07,2.252888255088184e-40,0.8248957916492554
165,0.0016124839873593408,1.185296027946074e-07,6.255764931318683e-08,2.657023879572299e-05,3.959832173861072e-09,8.323489971592793e-10,1.3502632626046133e-12,9.009117325463968e-25,0.9983430858351336,1.7671678038694165e-05,2.187537818675351e-24,2.3798907109592745e-09
166,1.0927979865228813e-05,0.0007840011411349981,8.376546180584875e-05,3.9455259137438205e-12,1.981502108978292e-25,0.9990560149469007,9.512379910542943e-17,1.2163286476453358e-62,1.8541895086225258e-37,6.527205972993535e-05,1.8406611761604615e-08,6.014019106915085e-35
167,3.614050551123468e-08,3.6992497845402265e-20,4.5249465999535277e-07,0.03822620109027934,5.398344417860166e-05,3.0519730555594317e-18,0.0011921996631150678,1.1079217873846714e-09,1.741505778815189e-35,4.1673047255456207e-07,9.383331014018927e-42,0.9605267093288667
168,0.00036883661602602716,1.9511114620838896e-11,4.0066390514680936e-07,0.024734541908633396,0.2041130579072311,1.496557516108654e-13,4.354188900234265e-05,9.966034805882186e-12,0.15689719184979045,0.5966519944038726,1.565947842781212e-33,0.017190434731905443
170,2.184780508447462e-18,3.157400477448615e-30,5.1237193375067516e-17,3.5646959354766887e-07,0.09182782378865148,2.376101335264701e-30,1.2654127139172725e-07,0.9068881515495487,3.014375285383844e-10,6.402900225176401e-14,4.226805350367867e-60,0.0012835413494345087
171,1.3733260838627272e-05,1.7966919132286543e-15,1.9099192780216555e-07,0.0001434383014487162,0.0014777778089387868,1.54002773996334e-15,0.002654045449364909,5.84723954340087e-09,0.013315539996910899,9.016152922450737e-06,1.5805567872956359e-37,0.9823862521904063
172,0.01902163399553016,3.1504854515008146e-15,2.355604877886065e-06,0.0008398204858661375,2.9105023501781236e-06,3.774572157500902e-14,1.3782041799873009e-05,1.6383271708599644e-13,5.792958052702426e-21,0.00036283248200708225,2.035967770491456e-33,0.9797566648873629
173,2.1865814938971197e-46,0.006482898831889598,2.182313754143647e-06,3.370531239469063e-16,2.424083184283962e-40,0.9934126776065937,7.471768739721713e-19,2.999301988174387e-54,2.2526184193284605e-52,9.680013679268862e-05,5.441110967582376e-06,1.7527930527742088e-53
174,4.018450503182315e-12,3.202346956924192e-19,7.744870656958885e-08,0.026899663905117183,0.9599540911579256,3.935803948669921e-18,0.009099149016839607,4.7674552824273166e-05,0.0037908441170110057,2.579945080114965e-07,3.198640431335346e-44,0.00020824180305165337
175,7.041015843600476e-21,4.2546469454144705e-11,0.5856811876655461,0.00021480004780411247,8.405947461285088e-11,1.461211887398452e-06,0.009731313260313993,3.7243969160815804e-31,0.38529410465058983,0.019077133037249637,6.093259542918092e-26,1.717702745320895e-19
177,2.9311687285528515e-63,2.8056223261113916e-07,0.0018955380717552213,3.2226473114358114e-17,7.467533892793662e-32,0.9981040111273163,1.6426662504957184e-14,5.96477288046256e-61,1.5107384504350696e-07,1.1349138436113823e-13,1.916472266407548e-08,8.054045041420117e-65
179,6.153730498137637e-06,0.9908306078212977,8.975200208669304e-16,2.5868259890242468e-20,2.2509967442721934e-39,1.8819349987877554e-05,2.396969778334356e-34,1.8671188760250043e-69,1.1068125428157145e-14,1.0305954384986894e-16,0.009144419098210092,1.2561504305053617e-35
180,1.946023557496548e-77,1.9015742509416864e-10,0.9095518981471816,1.1541795861621074e-13,5.298264546373702e-39,0.09044623227591057,3.8421582522181324e-07,5.161729410234653e-51,1.4847903324205868e-06,3.8037017026343323e-10,1.0489315604589846e-13,6.34669647218356e-71
