,0,1,2,3,4,5,6,7,8,9,10,11,12
3,8.076440128659082e-05,4.179417573354486e-59,6.30855411005226e-17,1.3201073351513524e-05,1.4529459405094545e-07,1.936851432778934e-39,3.234703604773265e-15,1.2280584964012453e-30,0.9998982917497418,2.469673980916685e-32,6.26883605054913e-08,7.534792658557783e-06,3.693266667796363e-18
5,9.277304514698654e-23,8.598546865449776e-33,0.0025489493923028014,1.1767418312549026e-60,4.844206916375458e-45,9.195625098002047e-51,0.00043251268443240455,1.2597109370426047e-12,6.706236808520974e-11,9.048543053959603e-52,2.4287782045363877e-09,0.997018535426164,1.4346220942644195e-27
6,0.016410446473807083,4.057003936715367e-43,1.8976809605201977e-08,0.0007170759475166111,9.460896382536902e-13,5.527933302895511e-34,1.5520009820652286e-10,7.352431424419763e-20,0.28776077809026424,3.250728682743731e-32,0.6943965296601343,0.0007151432303765569,7.464948231094167e-09
8,0.9178505818727491,4.2279347432525e-23,9.004488699501618e-09,1.0752620405163236e-22,1.419871367600998e-29,1.0454202409982102e-18,0.016800944178790637,8.63842217410192e-09,4.061109148970575e-13,2.2547116359421778e-27,0.0002423119422817865,6.968643110127575e-08,0.06510607467642703
9,1.43040264736813e-05,8.24218853504197e-28,3.3862072697723417e-12,1.2151240032257604e-05,3.930622520898374e-39,0.02210421940292098,2.472438705696923e-07,1.933681966289312e-11,3.2565173165103444e-15,7.693659330933327e-15,0.9739391421477649,1.536135967856931e-12,0.003929935914663675
10,5.372935426191431e-15,7.456240373203419e-34,1.0074201375060958e-05,2.8286664761593497e-19,1.5864926034757847e-30,9.486306216968443e-17,1.9871982202203007e-06,9.326935674028105e-14,0.00013753118735138357,2.501645750665748e-19,0.9973637058480614,0.0024772541298127195,9.447435085416028e-06
11,0.0001276560789324108,8.239895702240235e-30,2.4920917747011175e-12,0.00015633133704489718,5.1406995482793415e-39,1.7946371550077005e-19,2.073811594897997e-08,3.009468597860561e-12,5.524684073510245e-13,4.2081148568771754e-29,0.9992029947330187,1.50352047266693e-11,0.000512997091799345
12,0.4947588011652541,8.622377308852434e-31,5.6188723459445405e-06,9.604013972509016e-08,9.416262966699225e-23,4.065960329024378e-32,1.3222746528568961e-05,9.496563939885632e-13,2.3500240773220165e-06,9.046179845790647e-35,0.5048166376682349,5.099240891381022e-05,0.00035228107355776765
13,2.0526897757273212e-20,1.6765930007098956e-46,4.337966828483059e-08,7.022866497475974e-24,1.5129451837548177e-13,5.6599518637731166e-21,5.9429531188009454e-08,1.954477006261292e-19,0.00010095686828920478,2.1691223563327714e-18,9.477394320619256e-08,0.999898845548417,3.4813047112401626e-30
14,3.420053082089722e-05,1.0257980797046524e-30,1.8964380708022018e-06,3.30738059975843e-18,1.9475644725665725e-20,0.9570341525488226,4.291827387078932e-05,6.382333734190247e-10,5.700677046846445e-10,1.9918802308447217e-08,0.042873866739202515,1.2944342102600022e-05,1.79450644818701e-18
15,1.7278725945514103e-06,4.926692168470258e-63,1.5023307966367333e-17,0.00015426494111027758,0.003688481720091053,1.0776504749971586e-07,7.452162513372336e-18,1.1683636681075851e-33,1.8117752244703915e-16,0.9961549097782283,1.7248368506239892e-11,5.079056830553239e-07,3.832814838018879e-20
16,0.8995900943879128,5.67571479149576e-34,6.047240205743498e-08,2.1440735862683104e-19,1.5898484306678488e-20,1.0979585113678185e-31,0.0049690541114335695,4.149392308293268e-12,1.0305529000471522e-05,3.3244472360451616e-35,0.09292040907391916,0.0025066179434080917,3.458477771741447e-06
18,3.5468500556598284e-24,4.1785267118383e-12,7.960548612505358e-06,2.3963702772694518e-32,4.610587840496516e-71,4.4732877812005624e-20,0.38049754052386575,0.6022162224487538,1.192515960215963e-24,1.8996569642124515e-36,0.0003787193174857861,4.58341284804241e-11,0.016899557111274485
19,5.706102492943059e-11,1.745855269021237e-15,0.9435037480552382,5.248138762469979e-19,2.8692804145800446e-44,2.4077314373138603e-34,0.0004606693600241767,0.0032578013170227495,4.747533941356158e-19,1.584630371927256e-45,0.052777757978111704,2.3232543183908647e-08,1.8010454398760206e-15
20,2.2014922929913712e-41,4.34922912485849e-18,0.2425967277120958,1.3899056002724857e-65,2.0565747494135096e-59,3.1858290251981326e-35,0.7555477630957653,0.0018509720089944024,1.16132166296262e-23,1.7282428523614513e-46,3.1566237849945125e-08,4.50561690859092e-06,7.715558895437684e-37
22,7.845093335411969e-21,2.9432754322908727e-49,1.772430354578881e-10,2.8829085009870526e-17,5.747002654239033e-23,0.00016977608591790195,7.312629949173321e-07,1.811569360166001e-21,0.0008130886364792715,0.0011767678045408066,3.0839535402873926e-05,0.9978087964974262,2.02280902296805e-29
23,0.9986067122043113,7.404151163019181e-37,2.4419761132474293e-10,0.00010943268410169458,3.3312460975696115e-14,8.07321530171754e-19,9.282020627415451e-07,7.544105434824291e-18,0.0010794175327731577,1.412452487649204e-20,0.0001878350493105695,1.3605452761028206e-05,2.068630453269275e-06
24,3.8570239218972054e-19,9.181826807978233e-37,0.002202636069797188,3.956301353570807e-24,8.477654054245829e-47,6.111462280551935e-18,0.00041472158155913494,6.513636336441662e-14,2.945188218413571e-07,1.805131064197256e-18,5.824198421092625e-05,0.9973241057605607,8.499149059005779e-11
25,0.08931696642089132,2.6553323048302397e-25,9.007613837651981e-10,5.6471337283815123e-05,2.3089054386030727e-26,5.232244225849101e-33,2.3989891784032504e-05,1.1292853931068195e-09,5.5019806901882654e-12,2.568018881803811e-41,0.6587679896948361,1.3670588813839592e-09,0.2518345792526009
26,0.9609438060486425,4.330504335852017e-39,6.05427948139187e-12,0.0032930787607253556,7.60509679937941e-15,1.9242751400686253e-33,2.3064111493451977e-07,4.638559344733718e-18,0.0016872184497888436,7.832202692984533e-35,0.034074318451160684,1.1782261746488678e-06,1.694163285856856e-07
27,0.9350329904246449,3.111677096417248e-37,1.5231473708788745e-07,5.119149980362894e-22,1.581379152780708e-19,1.0462864096621592e-33,1.3724983009639025e-06,9.030657788509592e-17,0.0004304269246394531,7.59827516350647e-33,0.0001592442069051196,0.06437576946298515,4.416778496903281e-08
28,0.6128761375559876,2.302398635015538e-42,3.6246638691189656e-08,1.2252235946454606e-18,7.815380814969838e-12,0.002107245164992579,3.112969167644605e-08,2.2027304772361787e-19,0.045844282180615224,0.318350123683327,0.004737625083755852,0.01608451517698157,3.770193457622023e-09
29,2.3526361978797014e-11,3.833434080860908e-13,3.925985196155684e-05,9.143845229619747e-22,2.3919119347197822e-51,1.2954877749758596e-35,0.9137638566959816,0.08600883035013536,1.1673577704190383e-25,3.0270986194022753e-50,7.121600450353693e-07,2.2404432068996296e-11,0.00018734089556670842
30,6.736216157990077e-19,2.427586815351315e-34,2.40233084076428e-05,5.676659314851744e-22,1.0475713167690763e-32,2.108368438616176e-18,0.0015711869217181838,8.649735095418979e-14,4.225747383175826e-06,1.291194728623985e-21,0.002170389569342099,0.9962301744458028,7.266028012401718e-12
31,3.712811480959751e-12,2.5890158050263844e-11,0.8749868987184426,1.5915550684095071e-38,3.4242666260910904e-63,2.0293303525400672e-19,0.01640800306499845,0.10432608177082835,2.880721528959067e-23,3.0543029761414046e-35,2.481425698301313e-06,2.9634265138320527e-10,0.004276534694092324
32,1.2128563986253337e-44,5.577772250619669e-29,0.9966207553339066,2.176814246430609e-91,9.567013006917283e-66,3.321312219912123e-07,9.279427977398273e-05,1.522477806788867e-10,1.5594968257325978e-34,1.6079273116055055e-13,1.0474288660049442e-13,0.00328611810258645,1.4000133310398679e-58
33,0.9951692422027457,3.747191772955061e-26,5.023493539492574e-10,5.383996994229438e-11,2.1981007561456754e-32,1.1973674208381045e-49,9.152555236937877e-05,1.78184744593032e-11,8.969678975015218e-12,3.1374041015365904e-56,2.0290369891217384e-05,6.660492196380991e-09,0.004718934631529162
36,5.1202906952931065e-24,1.2280525249138782e-34,0.0961989403528789,2.7970385415646035e-46,1.041059056462713e-39,9.625788619995364e-05,2.1887481870286615e-05,2.0968655592244818e-13,8.981873721886825e-26,6.216494219940281e-07,3.3610914251640397e-10,0.9036822922933161,3.7630698976049122e-28
37,4.6162664810327e-05,3.1930796712868516e-23,2.2254478864058684e-05,4.7089749716610644e-17,3.568346818055165e-39,1.2314024894445968e-35,0.9998747045656372,4.3458617412444435e-07,1.650689908282272e-14,8.144493909610413e-45,5.5649033943793585e-05,7.946705470886187e-07,8.410623355271789e-18
38,7.711509834363868e-44,3.423242139069664e-12,0.06984082998890694,1.3625566230543204e-52,2.9127333862590636e-65,3.3843243846890775e-36,0.9033749762587678,0.026784070474262643,5.187537330354217e-26,1.0035955389717955e-51,1.0742423581551638e-07,1.5850398148751377e-08,1.0350203587235832e-49
39,0.005053995501797952,1.2461723185880988e-23,1.0388396851359119e-08,9.016780780843696e-11,8.552246498964296e-31,0.7726808530006207,0.00013073572456048845,3.7343071606179525e-10,2.1534634733600578e-29,2.1647096370072788e-10,4.8176682575649994e-05,1.0754715821262488e-09,0.22208622694650307
41,4.4804693046313133e-07,2.123307788744719e-65,9.015138687622698e-21,0.5059249384917682,0.1871870306951966,5.998957779215312e-07,1.1903758277808588e-17,7.177188393229806e-34,5.234044518165614e-17,0.3068869571318179,1.3855830841534154e-10,2.5599953539286676e-08,2.98661934343278e-20
43,2.7321479491123814e-21,1.8230253912446047e-27,0.00031522326154590684,1.6432763719759584e-26,5.538401955992627e-36,0.9820339971023617,0.009263784196009959,1.2619730631128479e-09,7.028772443910588e-27,3.5466063269152685e-07,2.2326487511785e-08,0.008386617190991152,8.532931478604039e-24
45,7.281725245543789e-07,1.8526992051176775e-36,5.0315699953138044e-14,0.011156144527132185,2.7922983095924848e-30,0.9885578362147,2.7302514593510838e-12,1.806436584543124e-17,5.884446628330799e-27,2.316805071962063e-09,0.0002842087580377795,4.3839322347600566e-13,1.0800075843745487e-06
46,8.128382014390463e-25,1.436562455553524e-12,2.530302633352351e-10,6.204839838860431e-28,9.659612744889168e-62,1.9219895042768955e-19,0.03631844612042127,0.7705121093652524,3.0108286183331317e-27,3.3581892536030456e-40,0.0162474838898601,5.092896325267615e-16,0.1769219603699977
47,4.988566733592287e-07,1.6607654863219037e-33,2.1561104649402933e-13,2.7590764277095443e-05,8.560300755027697e-27,1.424165121599694e-20,6.370793703275019e-12,4.7040803538321715e-15,8.018158841699518e-14,2.0651968085649345e-28,0.9999032590163689,4.25906389458675e-14,6.865135597273195e-05
48,0.9952474764411574,8.47725622495724e-36,2.2298900352389404e-06,1.0543793430333008e-07,1.4996476156609478e-15,3.5446969677056246e-18,3.367719656591599e-07,1.2768210558525546e-15,0.00029593037644138557,2.9510133666805334e-17,0.000307356437717424,0.004142024385151882,4.540259594334593e-06
49,1.4544339080111077e-40,3.1187442853155347e-34,0.019374304081157055,5.638496473005314e-50,1.694958051332923e-45,6.456524022794396e-24,0.00025377323822322023,4.1475065254487643e-13,1.37584324584512e-13,5.966823547641115e-25,3.497075570905425e-11,0.9803719226450971,2.841981045839518e-57
50,0.06652430884934571,2.464568275433115e-46,5.232071019508067e-17,0.9331251357476913,2.1519999002432935e-14,1.754429135124696e-49,2.667722624595935e-10,1.0028606406357201e-22,7.917784910213205e-05,1.9164104554849217e-49,0.00027136100333756814,1.5921673067132447e-08,3.6205366761323896e-10
51,2.093245925048092e-30,1.6537980252995791e-06,3.239763293097918e-10,7.151273334123339e-41,6.112831967959003e-66,6.422089327470909e-55,8.659363962730894e-08,0.9999981999743568,7.006649650726002e-36,1.9714107206447914e-78,5.931000383875145e-08,3.115523096223899e-23,5.3311308850572415e-15
52,2.8330696481071597e-14,8.945597689592402e-09,4.019307839486456e-10,7.779550264868062e-25,3.8118517016883356e-73,1.2468566895875487e-53,1.9059667019022458e-10,5.732592814293707e-05,8.445827714740723e-31,5.6795166091717995e-74,7.475459957833396e-07,1.9283586708143383e-22,0.9999419169877068
53,9.527974679791379e-08,1.0740201396997622e-16,5.605120763065027e-09,6.688219604508403e-17,1.7962508166399529e-44,2.535597780817631e-34,4.3611550219140215e-06,2.5807579658187875e-07,1.7648581948102115e-21,1.0472903203534255e-49,0.0003240640259384017,1.689276713553311e-14,0.9996712158583524
55,3.5366382596009604e-51,1.8830072100091398e-05,5.809697420062045e-06,1.1520571910145442e-80,8.34555365568442e-87,2.0133233331891792e-58,8.311093568433411e-06,0.9999670491369074,2.6206124605046103e-39,7.235798158961989e-79,3.902560723508672e-16,1.7943229952639723e-18,4.244936544659441e-38
56,8.652824400305924e-07,2.0392537742812407e-61,1.7475681979236515e-20,0.951564079132449,0.039812985311632354,1.3084133684506537e-07,6.400753875731695e-19,8.314333766531154e-33,6.216970814750852e-19,0.00862193889866949,2.588484037136197e-10,2.746228264371625e-10,5.125713133125337e-18
57,0.9998593388831257,2.040518367996056e-37,6.2667039129991e-10,5.447801198091926e-07,3.283719307398367e-15,2.9712770495143703e-05,1.0124012670453646e-06,5.387363102927877e-16,2.8192841710286174e-05,2.924431588242958e-07,3.566921206879369e-05,4.484936052138139e-05,3.866808603404329e-07
59,0.5811354113927245,4.505688605890876e-44,1.9767485254441097e-09,1.2095796119494897e-19,6.242034159533685e-12,1.4002427450618588e-18,1.0347550765009868e-07,8.463949979116818e-20,0.23471551936003934,3.128174426053258e-15,6.146905462175046e-05,0.1840874945710221,1.630941676664509e-10
60,8.838334345333515e-09,9.606805184413923e-70,6.75731558535867e-24,0.132346267510515,0.8583562283049336,2.2303091925946892e-09,1.5801484692727429e-21,2.904182311899204e-38,3.658023183431316e-18,0.00929749306246867,9.1339804514708e-13,5.252706910965971e-11,1.7522887697474678e-23
61,1.1696764379208529e-05,1.2849173693202853e-26,5.226767688292097e-12,1.5323454860596707e-06,1.0018945838618889e-30,1.780480427743839e-05,1.2497204584442207e-08,8.161187769945365e-11,7.415118321889924e-16,6.13754512374045e-18,0.9690478764223264,2.8082647492362753e-15,0.03092107707948778
63,0.0020573455405009946,4.7067679775208084e-30,1.1740756051086094e-06,4.899516420117564e-07,1.8588632156381816e-34,2.0631036587858935e-17,0.9743170132437498,3.5387386171168326e-11,8.689156695753203e-09,6.709636362681154e-22,0.008711209016168231,0.014912473947119205,2.8550067506429295e-07
64,2.707943910546098e-06,2.762982021425554e-62,5.1881074178366754e-20,0.9737269315749922,0.012933545068022098,1.0288942366034689e-08,9.361268204818631e-18,2.2559383538195325e-33,1.5512864946836202e-16,0.013336802141790111,3.274855315532239e-10,2.6548556266437075e-09,3.6602368217799397e-19
65,2.691676647243974e-07,9.128868253300049e-23,0.007553571214689904,1.4094542223004865e-26,1.4804737974128083e-47,3.763545060633699e-46,0.725233368512824,1.0725126570070332e-05,1.6616804888592923e-12,2.622358347727473e-54,0.26645538724001994,0.0007466787365655908,5.2621484914921414e-20
66,1.1970085112223242e-21,9.396922574082424e-28,0.7667840208834155,1.0599473924405026e-42,2.960065223589679e-41,5.077718428750652e-20,0.001222496427120345,5.065326029553362e-10,9.107241413525581e-10,9.66078225369778e-25,2.904383121618461e-07,0.23199319083388892,1.0717165829391563e-23
67,2.939043857667479e-07,1.0885682073172572e-67,1.072195619297654e-22,0.738170851353203,0.2446819899025942,1.8614615090163876e-08,2.6849139912012483e-19,2.976612050008839e-36,1.904190897373826e-18,0.017146845357338056,1.4960199054446338e-11,8.529063341818543e-10,1.5315420731632652e-21
68,1.629258870872897e-23,6.086583757414755e-10,4.9833594995472924e-05,4.3189699874906354e-33,2.763548678406377e-60,0.002421002610966603,0.0012452661973560097,0.11783477299921691,2.018720747371397e-26,1.911937012773396e-21,5.694173953796004e-06,7.443738110104698e-14,0.8784434298147781
69,1.029053901718594e-13,1.3802492452402297e-06,1.0646205896458181e-07,1.5509902252215006e-33,1.1411842982293498e-78,2.0160481894250656e-29,4.790353030818071e-09,0.0027407653982735687,3.045843790120167e-32,1.4763276389214185e-47,7.414389655580993e-12,1.398664412439249e-20,0.9972577430925459
70,2.846807051030646e-36,0.004178771006382931,1.4850292396762292e-10,1.41757195805866e-61,5.208433993933236e-85,8.438387337022292e-26,2.366931741447349e-06,0.9958188619131293,5.5452302555885585e-45,5.49555057138881e-51,2.390221364295222e-13,3.989776944767462e-23,3.562502643108819e-21
71,0.05527071090780842,2.3544136320156053e-25,0.00031603115162776583,3.3233963916421106e-20,4.744790827661277e-28,4.539007182764801e-17,0.2622559567664651,2.4653179166692554e-07,8.101415540624075e-10,1.9393431750118816e-24,0.6589948075213283,3.5597652355645616e-05,0.02312664865847547
72,7.413620197095462e-25,2.362902229126415e-24,0.9960536968468331,2.8472808060795275e-34,1.8204765541886524e-46,0.0030870776560420164,0.00034590108654375065,3.815254783215358e-07,2.8060848722110255e-31,6.665041217053456e-09,3.0287420764262073e-09,0.0005129326532555803,5.380684619142802e-10
73,0.0014938398168663977,2.2412460151096435e-40,3.851945123127782e-09,0.022799735652360157,9.717022475609527e-15,1.0393806299143596e-31,3.3673547919657536e-05,2.1985354281163876e-14,0.00041707994937089244,1.3722767441279634e-33,0.9740716518298279,0.0011840130689925433,2.2826809845865366e-09
74,1.797755860153477e-05,1.1853473018637752e-60,6.956988837529475e-21,0.9999447678799874,7.408169514942403e-07,2.3617817704447916e-08,1.5215077323155546e-16,8.905507574217012e-32,1.296137178817206e-18,3.6486554463094405e-05,2.595597474551226e-09,9.765825090524396e-10,6.467354288445978e-18
75,7.681321539984636e-09,5.252557131926064e-70,2.2129244867891295e-23,6.153826516560771e-05,3.1042086661222605e-06,4.2709063171858936e-60,2.4844189382154165e-22,4.241451576798407e-39,0.9999353497619738,2.3575555771591036e-50,9.830560276748274e-13,8.189135282362765e-11,1.7809204475460884e-24
76,4.0277885686450605e-23,0.9996736478088128,2.946375910542778e-19,3.199180084366982e-56,2.8661579477606614e-87,4.677728988966936e-50,4.434908485417561e-14,0.00012078917463538726,8.531322072098785e-51,4.665781879408369e-78,3.2355291123788763e-20,6.438458773909155e-36,0.00020556301650569598
77,0.9972818786747969,1.7675254926494037e-45,7.749413003158821e-14,9.237356407433916e-05,3.355768065248859e-15,1.412502730915169e-50,1.759226117583428e-08,9.930684400363175e-22,0.0026016769379454945,1.0605883827585921e-48,9.168044557826193e-06,1.4885084013341645e-05,1.0227248623022442e-10
78,4.0760209873673296e-35,6.991494276408296e-07,1.5190170666538289e-05,1.298165782138246e-63,1.0855156197381504e-93,1.4109268608638271e-56,0.0019632930099670078,0.9980208176698583,2.747316569975518e-35,8.08308355712527e-75,7.952228010927483e-14,1.5378863879081457e-15,1.439692787757146e-23
80,0.004773070953124963,2.845797346780874e-53,4.44608272335747e-16,0.8499862769256505,0.0071196800610194705,0.0003683752867629547,9.83682216038534e-13,1.184256588402813e-27,3.9490603636817094e-16,0.1377456670636675,3.1485992907773413e-07,6.614848765811675e-06,9.739452562354971e-14
81,3.6048998212972135e-48,3.196317229235212e-12,0.005202011126713579,2.2342303834326794e-86,5.40765614932261e-82,3.7330156194092292e-06,0.9709284394404484,0.023865815856243727,7.353789731315831e-49,3.1148157111265394e-22,1.4327867299183463e-15,5.577824787693298e-10,5.352415528549997e-54
82,1.631416108532033e-05,3.163482682379908e-39,3.569077500932546e-06,7.622268014573384e-10,1.956032425754252e-27,0.42009647453593324,3.927108914689649e-06,8.362615230551123e-17,1.3782399257170282e-21,0.403413859092954,3.7830365082238757e-07,0.17646547695774054,6.2771554256378745e-25
83,1.4500884916368224e-45,3.6138237975950685e-20,0.999713821982007,8.619648012397617e-68,1.5350565132068925e-85,4.5318299038304066e-39,0.0002674625870880445,1.2731876554704307e-05,6.123265980036654e-23,1.5368552926202758e-48,1.1702254390234194e-08,5.971852099346467e-06,1.219651962138244e-53
85,0.04230055311456744,1.4157357226865022e-39,1.6505910585407863e-10,0.05192088532882854,7.831234478369094e-13,0.8855795083864598,5.262005739184261e-09,7.150192449236972e-18,1.1354503827728586e-20,0.019105801647215332,0.0010844644337113629,8.602464041683146e-06,1.791973271931815e-07
86,0.9990521198552021,2.735418878633339e-38,5.6045630605789355e-15,0.0009219592455597866,1.817188690908674e-20,7.164886634158544e-06,7.000598612014366e-07,1.710115406187511e-17,5.528136345744212e-10,6.388072488602142e-11,1.7716899788340778e-05,8.118680040547512e-10,3.376243929944204e-07
87,1.4181288841927105e-58,0.998870978075428,9.254458282881777e-15,8.018686775867166e-92,3.2534614249587604e-119,1.0035434706726835e-53,7.531987253424224e-14,0.0011290219244943004,2.899935536725758e-56,5.409626918557777e-81,1.1686706602517646e-24,2.58281604832186e-32,1.380520173625776e-25
88,1.247421500335163e-07,3.654084160364412e-24,0.0013426222100514152,6.011663929384613e-28,1.272485095897909e-30,3.4760646637647976e-31,0.9928556897431479,1.3046239495319592e-07,1.1766876995155678e-12,1.47752579444902e-38,0.005144099102648374,0.0006573337384354056,8.62528326756843e-20
89,0.9920376285329897,7.83718623965088e-39,1.1767802384397344e-08,5.56486806387111e-07,1.2799682091200881e-18,1.4583620880217992e-35,2.938620094188665e-07,4.258315998316431e-18,0.0003559119703582543,9.288752925219775e-34,0.007403376915050252,0.00020215698948513849,6.347550187405786e-08
90,9.715450742057213e-38,6.279001449034043e-27,0.026705539096778603,3.976484141916111e-58,7.416001566442965e-44,2.955093537178057e-34,0.19484192016814753,1.1660035819042414e-08,6.957826350940531e-14,9.793400226601478e-39,1.5409680206352636e-08,0.7784525136652843,4.068173432390384e-40
91,1.9751962266312842e-52,9.85968062145985e-07,5.727188431037633e-07,2.647776574340098e-79,9.210694345298444e-100,1.730089954497456e-41,0.0002518664282311183,0.9997465748848686,2.190153462918323e-42,1.1075985818359032e-65,1.3077489427092797e-15,5.310872747175331e-18,2.796866519076892e-39
92,0.8963717273203536,4.187753699951337e-42,8.257752798062324e-11,0.054698516482912726,1.8493139863122224e-10,0.02941689813335748,3.784625493345239e-08,5.4821915505377e-19,4.74276630626179e-18,0.019406216061343486,9.092955449939647e-05,1.56202123240106e-05,5.412144371680249e-08
93,3.803936483395673e-42,0.9798641381436705,8.148585746238743e-14,2.160666269587233e-72,3.326660283883233e-98,1.7333804200534034e-19,2.0517952247115768e-12,0.020135860726839636,1.7190316032039806e-67,9.280464605044548e-47,8.794624695486501e-23,1.4779717651378964e-31,1.1273548323378625e-09
94,0.016282504752561655,3.619422434657074e-47,1.995265696374106e-14,0.979938358944698,1.7726732089199663e-26,5.14674677081364e-49,1.8424668169588115e-10,1.54164251651335e-22,0.0002941404872564447,3.898603334658941e-48,0.0034844741231203143,5.214813522834289e-07,2.6741045723989087e-11
95,1.6870259768516592e-58,0.27323626033307796,1.6621180121092624e-06,6.686367690564161e-103,2.4497163740846522e-104,8.754238575860945e-64,1.739089633413299e-08,0.7267620601580116,1.9781847287522796e-50,1.2692364528432103e-89,3.571704910409705e-18,4.839079877047052e-24,9.942543297280182e-54
96,2.2809554213925788e-54,2.76353384764445e-05,1.917978061575927e-06,6.139650680556581e-68,1.6477430613255042e-102,8.769067776998367e-44,1.022316425177653e-07,0.9999703444518184,1.7353084175082144e-43,3.0382998813495083e-67,5.533764827809913e-15,9.441545567823635e-21,4.045952892335287e-50
97,2.3066064608121088e-05,8.556843825725613e-45,6.817588288309194e-16,0.991820764099761,6.395563858277965e-13,4.4637700767268655e-05,9.793833837368124e-13,5.089428079890551e-22,1.3426523951534007e-07,9.644010750223277e-08,0.008111300985387431,8.569177247875535e-11,3.568156022770442e-10
98,1.7814920524234762e-45,2.333367903389214e-10,0.09316662050351457,5.490805000563837e-72,2.93303398294673e-74,2.1799117678762763e-37,0.1646378171166887,0.7421955610497981,1.0564555091965403e-31,1.732097652694711e-54,9.014530010581085e-10,1.9521155592344553e-10,2.1292691678430055e-37
99,0.017376303607894866,4.471574078778772e-27,6.573244522941553e-06,2.4383199478970355e-07,1.2800764767373177e-25,2.1400262040622897e-16,0.4579646714168222,6.5395914341972e-08,8.50926526749118e-11,1.377866405762876e-24,0.524336042011648,9.1497291538527e-05,0.0002246031145646497
100,2.8962806219376533e-23,7.697391756218929e-25,4.305086155780337e-07,3.1897249860267715e-47,2.8197018587903174e-49,8.71499646277652e-06,0.9999807398779679,6.350510107972207e-09,6.444712775809195e-34,6.196739440778022e-15,2.4141147075158666e-14,1.0108266414011685e-05,1.4374469565488145e-23
101,2.538731162166419e-44,7.649113420277271e-11,0.3835682426843298,1.0873202921508832e-59,1.260024677548111e-73,4.754367046880042e-39,0.024294803951921195,0.5921369530884572,8.487226938513577e-30,4.456443233746114e-53,3.437237452195522e-11,1.6443255700371734e-10,7.882311809644091e-37
102,1.957271029569197e-45,3.2500292294152636e-11,0.01830192838726981,1.4984671266482995e-73,9.050444285896331e-72,4.4092753559431044e-38,0.08238443411053735,0.8993136371295072,2.779636089250824e-30,2.64251199074578e-53,5.813603734577947e-13,3.3961051952134307e-10,2.4876301849561674e-37
103,5.418511661251197e-28,4.8527693055864436e-18,0.0015253308838287984,1.3682978019502958e-48,1.2081086601178661e-52,0.11363962534040796,0.8847430532854534,9.141839668784486e-05,2.4117705736711613e-37,1.4337019871304666e-14,5.251200217687086e-10,5.715684912124242e-07,2.242902572774691e-23
104,6.190918979735386e-54,0.9999857304577703,6.24353819292999e-20,6.406066383501636e-84,2.0868784669104385e-128,2.047300470907675e-70,7.766957129252261e-20,1.4269542225302493e-05,2.4851982628712426e-64,1.5724901177999812e-102,6.248633048576732e-26,1.9679671967862027e-41,5.414693718150415e-15
107,8.163239795824383e-06,3.0339097659567164e-33,0.0002489381808293148,8.99089130445297e-14,1.2082432603559447e-24,5.689183450439642e-34,0.007806327493747875,7.85411737586606e-12,2.59446669423666e-08,4.6845282199843444e-36,0.0007524686375415122,0.991184076495472,6.414471586910618e-24
108,0.8880305916302034,1.2180150310315873e-39,5.694616699405012e-11,0.07867180064060052,2.861315805255595e-14,3.3855688811012625e-17,3.200353096594114e-07,5.559407456865341e-18,1.8491376354632788e-05,9.44218468801515e-19,0.03327204079805567,6.341920224450085e-06,4.1354227853778184e-07
109,0.0004990055930500809,3.4820917724462886e-44,1.93413410927601e-17,0.9990449249090206,1.0687072274882115e-13,3.5251137923458103e-20,1.3241017373756291e-11,3.965219040983823e-22,1.5095892910738742e-08,2.3868484595316065e-22,0.00045605416037913153,5.3541017379547594e-11,1.7477142751177167e-10
110,1.5354420675984043e-25,6.991850547493704e-24,0.006513570029026981,1.365344215126772e-41,4.992142042673411e-34,0.9914330740821526,0.0020500420029933813,3.1639628455477923e-07,7.123588469545367e-34,1.7061637506460838e-12,5.28260752158236e-07,2.469227089034239e-06,3.6097593697606444e-50
111,1.8744382207073586e-10,6.727417585889965e-16,4.322028898177586e-10,1.0026044154260376e-17,2.9153693178756335e-45,1.8731472477810365e-20,8.067442647029879e-09,1.8542744119774892e-06,4.4614048329038014e-24,4.7966002430612824e-36,0.0003861336685250878,3.612775666734666e-18,0.9996120033699692
112,0.01383713564364166,1.7031075531809102e-51,7.499427838554827e-14,0.8512622957606909,1.678330180628094e-06,0.006809412415240819,2.9805775423810015e-11,2.085733524161287e-24,1.254610186091213e-17,0.1280770356190603,8.490113248338638e-06,3.952084553303079e-06,3.506049638513782e-12
113,0.8761592816693903,2.379254156597021e-50,2.815911498898079e-13,0.00025187053507394794,2.744533075378684e-08,3.622357280118586e-20,1.940757783603017e-09,2.34719642319726e-24,0.11903008827484966,6.6141435836432405e-15,4.294639617987867e-06,0.004554435493788469,9.059661391282562e-13
114,3.6532838123835675e-51,3.4708166060318936e-07,0.00747386295827136,2.7685452126932493e-106,7.323057992919021e-83,3.999778073817161e-29,3.435311569060607e-05,0.9924914368443698,2.8721182474728074e-37,2.5230156931490246e-47,1.6282986922782024e-15,3.708323957088643e-15,1.115687436288724e-52
115,0.0017695005122488863,5.288319256043301e-24,7.1419721312129765e-06,1.968591072716257e-11,2.3752890329498937e-30,0.5111830259219952,4.272063989117005e-05,9.29911296134443e-09,5.665821221679222e-28,3.526935455453926e-10,0.0007181623873634692,5.409035318291868e-09,0.4862794334858355
116,0.9967507087596711,5.936485372203394e-37,4.664425973230255e-09,2.0617469319144348e-07,2.2160799667864235e-17,1.2847809023550396e-18,5.752578282026155e-06,1.9484768680968378e-15,7.906525657586727e-06,6.173442370419731e-19,0.0021209177087603507,0.0011123581990325796,2.145389474319608e-06
117,1.4255931435323425e-05,1.6107088964114354e-19,0.00411840337789581,2.8522350309125326e-10,5.504250196472084e-32,1.653479731711507e-30,0.021546007522424908,0.0005601580388737691,8.104850176676385e-13,4.63186305773683e-41,0.8735312882582636,1.0624455162370527e-06,0.10022882413955889
118,3.8184556209800328e-31,2.157719597834501e-06,1.2078155159294286e-05,2.5154324233446865e-59,1.7908895687276462e-76,1.2993071289106602e-25,0.029124294946773308,0.9708609619907691,2.2030214551524794e-33,2.4125043283730345e-45,8.452055346163659e-12,4.955833252299064e-15,5.071792449400009e-07
119,1.9984746681165764e-32,1.7806230428236007e-18,0.9976727599291424,1.6197928111260445e-53,2.0184970379027726e-55,0.0022562675435384458,5.066491271638588e-05,2.025521328814395e-05,1.9125790237807079e-38,1.0664567873633862e-16,1.5592264586193237e-10,5.2245390252356553e-08,1.010601801607894e-24
120,0.08284260946125285,1.9733203244411145e-42,1.2166343872572844e-16,0.9168074115032057,1.3801125659490574e-14,5.454620673679307e-19,6.631203009401524e-08,9.783270447492637e-20,2.2234885024058257e-08,3.0819468271544633e-23,0.0003498794291362818,6.269857685003651e-09,4.7896209587765395e-09
122,4.6631913187042596e-55,2.2904517674646676e-05,4.884767368922516e-09,2.2202737068773556e-68,9.358907251528207e-101,2.596392384745925e-29,4.4663226328027234e-08,0.9999770459343373,3.780975415937692e-46,9.771914429971645e-53,9.086371206893465e-16,1.9548349082816512e-22,1.2931230202065338e-37
123,1.998550252227645e-05,1.6782103409045662e-34,1.030552860134696e-14,0.002195821505609428,1.4111092277575443e-22,0.9969197214698429,1.1167289067735206e-09,1.0584579773496262e-15,7.208025905580101e-30,1.2910236055252978e-10,0.0008553044513651396,3.838807012535438e-13,9.165824426898946e-06
124,1.2350209957098818e-67,0.9999999999980247,4.0576920315642116e-33,4.890644939899791e-91,7.810960382258319e-161,2.143040655229638e-86,1.296079894663011e-31,1.972630904638125e-12,1.4040751525068597e-88,6.060133872464629e-126,5.694090307725226e-42,3.325616352129483e-60,2.5138904363002853e-35
125,6.234374416813038e-38,1.557738746960906e-45,1.3729207193645567e-06,7.632308305823277e-41,1.0070019293189845e-32,1.8731659905034424e-52,2.2829195357099265e-08,2.074351145621562e-20,5.132799814844079e-06,1.0285537786685214e-49,1.2115101842285093e-08,0.9999934593351683,4.460549372533314e-34
126,6.540613487500639e-19,3.217721887759167e-22,0.013967209542651647,1.1963445634974168e-26,1.9622706365171382e-44,6.369023173876426e-31,0.9573740513932067,6.428334496788903e-05,2.151714014827713e-12,1.2512038478322048e-38,0.027136335617603334,0.0014581200994208585,2.7105834390005447e-17
128,0.006200359417422134,2.6943988101487793e-20,1.1376781378862734e-10,1.3559542433248868e-10,3.380138723515504e-35,3.714763911848239e-19,0.0002332434475027334,4.979573666852885e-08,8.558025543916723e-17,1.396674103117944e-30,0.00013945396963249232,4.409122249279385e-12,0.9934268931159287
129,3.537359100507709e-55,0.0001205259791097013,9.198734635342296e-07,6.82675104685116e-81,1.1850592975958219e-101,2.4538289419752425e-56,9.662933297628398e-07,0.9998775878540935,1.8798285988412225e-44,1.1551469065325663e-80,8.921280622667127e-15,9.354314796495652e-20,3.586214613485331e-53
130,6.95531571016075e-05,1.8737402822824287e-53,3.729024308383184e-15,0.9550219634170367,9.332501432201457e-20,1.0952709930521467e-35,5.944413970084678e-16,3.062093540003651e-26,0.044311784272581915,1.470962868542718e-31,0.0005965448212500497,1.54330795579711e-07,1.2329983127384509e-12
131,1.606502374394028e-50,0.9868023880208869,2.1632501307662617e-12,4.853182201238961e-78,3.2533071630588833e-128,5.729698339380894e-21,3.613904158193857e-14,0.013197611976918964,8.275685488008136e-57,4.274804435766465e-50,1.1911645760469826e-23,5.54115515456435e-32,2.220893451985476e-41
132,0.0030245726035569892,5.586300458042662e-29,5.350793675384637e-07,1.7833503145518794e-11,5.565437135238981e-27,4.079901317221277e-31,0.9902493051052417,1.0335101072382689e-09,4.672771074059584e-10,5.707260150609509e-38,0.005072603508548271,0.0016529821846582,5.896467627772635e-20
133,0.7352400273357047,6.792229232410405e-41,5.0953129688561405e-15,0.2526704497371783,1.7236353200949517e-17,2.2635229522738187e-49,5.2830300463867244e-08,1.8759445878345592e-18,4.152909082447193e-05,5.402711714191068e-53,0.01204784554154474,1.3918846910683742e-08,8.154559807170929e-08
134,0.9932776357225803,1.07005196013679e-27,8.071546912981088e-13,1.5527755679853976e-07,1.7747045786963897e-24,0.003998151074650393,0.0003932637076092063,3.2789759234519556e-12,2.5856579669378684e-13,2.3177624402226894e-12,3.806617851830297e-06,6.02663135571411e-10,0.002326986990426874
136,5.059426952511345e-35,2.4717021468778494e-31,7.195106130371283e-05,3.9108842386309164e-40,1.3092466524083533e-40,1.786212155803875e-49,0.027008818266371127,1.46724428205869e-11,4.550792329808689e-11,3.894533622712897e-53,1.196507548506804e-06,0.9729180341045917,2.9042714779922686e-27
137,2.213589520586526e-35,0.7611799366736661,9.521134518621249e-11,2.827775505066206e-50,1.9693849707844992e-79,4.789999329593303e-57,5.15581866205192e-10,0.23882006271398412,8.909444694392263e-44,2.0156326801567862e-84,1.5502919882161488e-12,7.258555947032738e-28,1.0819722436016376e-16
138,3.989854109176713e-23,2.8106359790255676e-17,0.005323925957752034,2.1991441879444267e-28,5.699939208224852e-37,0.9903937710419572,0.0020396062074056276,0.0017499625570203188,4.776963736399388e-34,2.7537468125808086e-14,0.0004927333623620268,8.734739343105777e-10,9.623312248137956e-17
139,2.27748454978787e-10,1.3971126827382116e-13,3.2257568518646954e-11,6.846952530174177e-20,1.0132126282257613e-53,4.2701169539688714e-23,2.545193492058686e-07,9.425660953952616e-06,1.889656584501841e-28,3.5003123722777883e-41,1.7018351614863023e-06,1.2633911853375393e-19,0.9999886177243893
140,0.9944063681036031,1.03448982823655e-45,3.276330077082685e-11,1.5187723089322865e-09,8.991269256459982e-17,1.301490140583078e-34,1.7090690312288159e-07,5.360023487417003e-22,0.0035843205033452923,1.9587301744346086e-31,1.8148732713573695e-06,0.0020073240222516107,3.908796298821334e-11
141,1.4474500566445183e-05,1.6865359856254349e-15,1.4481145155504487e-08,1.1373397793954618e-18,1.5194662080502084e-46,2.4223054466228195e-50,0.00015972626610576897,2.465593148979991e-06,1.0288425604751267e-19,7.035544619642963e-64,2.370359993371482e-06,5.875954958301942e-14,0.9998209487989861
143,3.769106103834568e-31,1.6921444950537404e-10,0.001482881250697743,2.1262044170128442e-36,9.29009073995074e-78,6.061432051051622e-50,1.3998361665686622e-05,0.9950072293675641,1.4770385167973588e-27,7.57674216515706e-68,0.0034844431112816114,7.340782493799882e-14,1.1447739504301879e-05
144,0.9726812652822626,4.7621939010114505e-40,9.501510876642575e-08,2.3214769936229552e-08,3.672684252327177e-16,6.826098306426731e-18,2.07620851440031e-07,8.280929512366716e-18,0.0011738833173740087,1.8326117289974812e-16,1.9892278185099497e-05,0.026124598339247528,3.49322011987846e-08
145,0.00021376679006442266,2.0072779930273324e-33,2.2329005778879632e-05,6.82135838350585e-08,2.485895030836048e-36,8.902367047660223e-34,7.136055223615223e-08,2.8851675120824214e-13,5.071014851467382e-07,6.753206127143713e-35,0.9997153709263172,4.443373371440692e-05,3.4528682124808245e-06
146,0.00028958538506589977,1.6789477662472398e-25,0.0005419551658249248,2.717552780030004e-23,2.4367825571605644e-29,0.9633395400054067,0.014765358934701689,1.702094142648219e-07,1.0301257926487835e-12,1.1438031355717638e-10,0.02105101644442634,1.2373739747923245e-05,6.681176063835649e-16
148,4.036777963668236e-46,1.0448380557018346e-14,0.9957507720445165,1.5770159667991728e-84,3.571902453878815e-64,7.220126630378209e-08,0.00017722565331671164,0.004071925890665821,1.8358304618154712e-42,3.605612995167417e-22,3.2918743668102677e-14,4.21018453837947e-09,6.4701147200718e-39
149,6.777489354529948e-27,4.20866429831365e-25,0.07306152591291402,4.6967366448969863e-48,6.728417246374938e-61,1.633249142689597e-35,0.36093661003880373,5.534403146641696e-09,6.529013320812391e-15,7.508558934705651e-42,1.0655688898930863e-07,0.5660017519569768,2.6200948006563183e-41
150,9.502229888916151e-33,4.484008812205753e-10,4.703741827146318e-05,1.1408464115749045e-39,2.7122620670406204e-70,2.6146247579595023e-50,0.00020110589025427143,0.9997436974303873,2.891035775436944e-31,2.7162518294306468e-71,8.158812682470646e-06,1.8504601749051163e-15,2.5861584643085754e-20
151,1.0625155856475043e-08,1.0946807735570146e-29,6.345200352769504e-13,5.123254349889155e-07,1.475957029222334e-45,5.929730657935034e-20,2.010807318275604e-12,4.621551690683385e-13,1.5004769770451132e-16,1.656798823557548e-32,0.9994283207197622,4.492747110519405e-16,0.0005711563265457491
152,2.3714646746286592e-05,4.68321192256694e-46,4.867658465512631e-08,7.067984459146912e-10,1.6140693532929531e-12,1.4752391317882573e-05,2.1064926001315948e-08,3.303601389953394e-22,2.763224262577155e-18,0.2775994790594615,3.248303998832023e-10,0.7223619831277158,3.982691235095744e-15
153,0.31989150090794344,3.735877070212746e-30,1.8171453602512286e-07,1.1524078104191698e-06,3.925921163606753e-19,0.6666402192182279,5.7957331025736276e-05,3.3362747383454692e-12,2.3729274440955686e-08,2.4827305819982163e-06,0.012389199425885343,2.612963935136742e-05,0.0009911528920328195
154,0.8331104455806674,9.6751508842585e-28,3.3367708238640567e-12,0.0007038880492179281,3.8972917044719605e-25,4.999203530415608e-17,0.0006692451716150811,3.372930832136903e-11,2.7267508868102032e-12,2.010725706356511e-26,0.04300511908188742,5.65716284455101e-10,0.12251130151110619
156,0.08729583260444823,3.777106456256153e-43,2.7617363336577623e-10,0.10491575676254042,1.0836433720945452e-20,0.001747303748371133,1.4177633554009436e-10,6.861932259992144e-21,5.147473072112839e-16,0.8055045791794107,8.777077388795717e-05,0.00044875420353740833,2.3098503620741022e-09
157,2.605002207051376e-09,2.3113693860652677e-66,1.2156089770670153e-19,1.0891370430399772e-05,0.31094894035201537,5.592741965937031e-10,2.7753790078289086e-21,1.0359815130303727e-36,1.7804761843600244e-16,0.6890401311821837,6.898821374299356e-13,3.3930401499478903e-08,2.9847274108263e-23
159,0.00010375717668274592,1.2401719627222216e-22,0.020894051773232447,2.1802514218559966e-28,1.720582091105201e-29,5.263752575145167e-16,0.9717843041065573,5.098391028008136e-06,5.0536604197836516e-12,3.666943200724582e-23,0.001487970889908488,0.005724817657539273,1.2953567890977322e-30
161,4.717412339433518e-13,7.608597930402162e-17,0.07238608024321797,7.064355776044571e-17,4.4690780221306236e-64,0.9212936708908975,8.746836139691963e-05,0.003282942023606956,3.168828893463774e-35,2.4657544737629536e-15,0.0029498340834660246,4.396946476740151e-09,4.535570006939323e-18
162,1.3271491841334622e-06,2.8871146810057924e-59,8.702945693412868e-18,1.4993913373508817e-05,2.0980690832466247e-05,2.1495379310319143e-08,1.7778001427329638e-17,5.582786507734015e-32,2.3109348624491046e-18,0.9999625686432307,1.9141746936092482e-12,1.08106083149315e-07,4.641121717296094e-19
163,0.0006980505098963957,2.861480098583222e-50,3.3525663809477054e-14,0.01343200694278636,1.2270282963122925e-07,3.450569192247542e-05,2.6849811680759114e-13,1.626849589402258e-25,5.944125236643827e-19,0.9858348294146344,1.22117108920396e-07,3.626199219222991e-07,5.952068853851046e-13
165,9.094919318983239e-05,5.810000742457545e-31,5.388782966813038e-09,5.828770389019233e-08,1.9129353053457725e-24,0.99982178837433,4.279305432758946e-08,1.3667161881884677e-13,2.4460213406599245e-27,3.453980054746528e-08,2.1015665601708638e-05,1.5388754368680538e-10,6.61056035116729e-05
